0.24 -3.23 -1.20 -12.95 7.92 2.03 -0.71 2.56 7.81 -26.00 -16.93 17.10 -21.17 40.81 31.66 -20.98 3.14 -6.71 0.68 13.90 -36.91 1.93 11.02 -0.37 -13.36 2.06 6.06 5.87 -1.47 12.51 12.22 16.20 -19.10 2.49 -35.90 0.37 4.22 6.86 -1.18 -30.49 29.67 -3.14 -6.11 0.29 5.02 -1.02 -7.81 7.35
-1.59 0.56 -12.05 8.71 3.16 0.15 2.19 7.73 -24.28 -16.62 15.99 -21.18 40.24 32.25 -21.08 2.94 -6.96 -0.96 12.78 -37.00 1.12 9.69 -0.97 -13.51 1.83 4.37 4.46 -1.82 11.27 11.87 16.32 -17.67 3.02 -36.29 -0.13 3.36 7.56 -1.26 -30.73 29.63 -3.50 -5.47 0.06 5.20 -1.17 -8.95 5.41 -0.31
1.22 -10.33 9.61 5.36 1.97 2.76 7.60 -23.77 -15.20 17.94 -20.88 41.53 33.88 -18.97 3.87 -7.12 -0.30 12.69 -38.28 0.95 9.39 -1.29 -14.77 -0.02 4.08 2.56 -3.23 12.02 12.16 16.97 -17.70 3.34 -35.98 -1.39 2.84 7.89 -0.77 -30.85 28.75 -4.52 -7.14 -0.51 5.47 -2.26 -10.04 4.03 -1.30 -0.03
-11.29 10.40 5.04 3.28 2.29 9.94 -23.35 -15.00 18.79 -20.29 40.24 35.07 -19.02 3.17 -6.64 -0.37 12.74 -40.83 -1.61 5.90 -2.51 -14.69 -4.27 4.01 0.39 -6.24 9.20 12.87 15.38 -16.70 2.72 -35.98 -2.59 2.92 6.89 -1.12 -30.61 28.46 -3.35 -7.14 -2.71 6.21 -2.24 -10.97 4.06 1.30 -0.83 6.52
10.95 6.08 3.72 4.12 10.81 -22.48 -14.91 18.70 -20.06 41.11 35.45 -18.86 3.91 -5.88 1.02 12.56 -40.62 -1.11 5.21 -2.71 -14.63 -3.69 4.28 -0.77 -7.32 7.85 11.01 15.16 -15.35 2.75 -35.52 -3.34 1.88 5.83 -1.85 -30.29 28.68 -2.76 -8.10 -3.92 5.13 -2.41 -10.11 4.13 0.63 -1.26 5.84 -5.90
3.98 1.93 4.34 12.58 -21.75 -13.66 19.90 -20.98 39.15 35.54 -18.07 4.26 -5.06 2.02 14.05 -38.49 1.10 8.08 -1.54 -13.41 -2.31 5.63 -0.14 -6.13 7.35 11.13 15.80 -15.71 5.25 -33.80 -1.02 0.12 2.27 -3.04 -29.78 26.88 -3.98 -7.66 -5.20 4.44 -2.02 -10.01 4.29 0.08 -1.45 4.28 -7.30 -6.51
1.39 4.04 14.09 -20.48 -13.74 19.99 -21.20 38.89 38.67 -16.58 5.61 -3.38 2.99 16.93 -38.16 3.42 11.22 0.04 -11.19 -0.84 8.46 0.45 -5.46 9.42 12.11 16.18 -15.57 5.81 -33.46 0.55 0.68 2.89 -3.67 -30.64 26.57 -5.74 -8.77 -6.54 4.27 -3.62 -11.92 4.88 -0.96 -1.94 2.54 -10.08 -8.21 0.02
1.44 13.20 -21.53 -14.49 18.59 -20.36 38.29 37.77 -15.41 3.99 -2.84 5.01 17.28 -37.01 3.72 11.10 0.27 -12.80 -2.27 6.88 0.95 -4.25 6.76 12.24 16.73 -17.63 4.99 -31.70 -1.99 2.89 3.60 -2.62 -31.47 27.08 -6.15 -9.31 -6.93 3.55 -2.77 -12.82 3.00 -1.25 -2.70 0.76 -11.58 -7.97 -1.11 0.50
10.64 -22.81 -14.85 17.95 -21.80 40.32 39.21 -13.56 6.01 -2.59 5.67 18.69 -37.13 3.97 11.36 2.53 -12.12 -3.86 7.12 -0.84 -3.97 7.52 10.03 16.55 -17.48 3.43 -33.19 -1.58 -0.32 2.97 -2.30 -32.70 24.99 -6.32 -9.41 -8.92 1.85 -4.63 -12.25 2.59 -1.59 -3.23 -1.40 -12.59 -7.37 1.46 0.71 -12.89
-21.95 -16.26 16.83 -21.05 41.09 36.57 -12.53 3.11 -6.75 3.36 20.41 -38.79 3.09 11.34 1.90 -11.60 -2.23 9.79 1.57 -1.78 8.68 8.81 17.37 -16.28 4.20 -30.77 -1.30 0.30 7.07 -2.49 -33.14 24.44 -6.38 -8.80 -7.46 3.51 -3.73 -10.69 3.27 -1.22 -1.89 -2.50 -11.37 -6.35 1.24 -2.33 -11.61 -15.88
-15.01 14.87 -19.30 40.28 37.14 -13.12 4.29 -5.02 5.05 21.98 -39.72 3.07 11.51 3.15 -13.06 -2.12 11.97 1.60 -2.30 9.12 8.36 15.78 -16.93 3.94 -29.21 1.36 0.34 8.57 -5.88 -31.85 24.56 -5.01 -7.72 -7.00 5.50 -4.45 -11.47 3.30 0.99 -0.91 -2.70 -9.97 -7.53 0.03 -2.81 -11.10 -15.78 -3.46
13.21 -19.65 40.41 36.06 -13.64 3.96 -4.41 4.25 25.78 -40.46 1.58 13.71 2.35 -13.44 -2.45 12.32 1.61 -5.15 6.98 6.20 14.01 -17.54 1.92 -27.48 1.14 -0.34 8.76 -3.82 -32.87 28.33 -3.20 -8.55 -5.24 8.08 -3.04 -10.57 2.45 1.24 -0.10 -4.63 -11.68 -6.60 -0.56 -6.09 -11.79 -17.55 -4.47 -25.81
-21.96 37.58 35.15 -15.46 3.46 -4.02 4.07 25.60 -41.90 0.37 12.32 0.97 -12.99 -2.96 10.34 1.76 -6.32 7.09 8.48 13.37 -16.34 3.82 -25.37 1.51 0.47 9.06 -4.20 -33.71 28.17 -2.67 -7.52 -4.53 8.91 -2.19 -11.74 2.13 -0.79 0.31 -4.15 -10.89 -5.34 -0.70 -7.17 -12.14 -16.93 -1.83 -24.25 -25.94
34.47 33.19 -16.88 0.97 -5.24 1.85 24.33 -44.07 -3.22 9.03 -0.48 -12.92 -2.96 9.42 1.58 -6.72 5.55 7.98 13.06 -15.62 2.85 -24.75 1.75 1.62 11.04 -2.81 -32.10 30.06 -2.66 -5.61 -4.27 9.58 -1.98 -10.84 3.14 1.29 0.79 -2.20 -10.22 -5.14 -1.98 -7.91 -12.53 -17.39 -1.61 -24.47 -25.99 -18.12
37.05 -14.54 3.92 -5.14 2.59 25.92 -43.27 -0.62 12.56 1.34 -12.52 -1.69 9.62 1.38 -4.93 5.57 7.49 11.76 -19.68 0.51 -24.44 -0.34 -1.37 11.33 -5.89 -32.85 29.42 -2.53 -8.72 -3.59 9.10 -5.09 -12.59 3.31 1.62 -1.71 -2.87 -9.52 -5.19 -4.37 -9.29 -13.70 -17.83 -3.30 -23.93 -23.07 -19.06 -8.14
-15.32 1.63 -4.08 2.83 26.80 -43.67 -1.07 11.92 -3.09 -13.08 -1.17 9.13 2.52 -3.57 6.63 9.41 13.00 -16.93 1.69 -21.91 1.54 -1.31 11.06 -5.97 -33.13 30.26 -2.21 -7.74 -0.79 10.86 -4.34 -13.40 0.07 0.21 -0.78 -3.78 -11.23 -3.52 -5.49 -10.68 -13.66 -18.24 -2.95 -23.40 -23.45 -19.50 -9.74 -7.59
0.79 -1.83 2.00 25.22 -42.10 -3.30 10.97 -2.62 -11.94 -1.24 9.15 2.43 -5.91 6.14 10.17 13.87 -17.39 3.49 -17.32 2.35 0.45 13.21 -1.86 -30.32 30.40 -1.99 -5.76 -2.71 15.26 -5.30 -11.73 1.01 2.50 -1.94 -4.50 -12.37 -2.81 -6.44 -12.62 -14.54 -16.43 -4.29 -23.24 -23.34 -21.86 -14.15 -9.57 -57.43
-1.17 3.74 23.63 -41.51 -3.79 10.21 -4.48 -12.69 -2.70 7.55 2.45 -6.57 7.02 9.85 12.75 -18.30 2.30 -16.42 6.64 1.57 12.31 -1.02 -29.35 30.52 -3.15 -6.09 -3.17 14.68 -2.77 -13.77 1.65 2.09 -0.98 -4.63 -14.19 -1.71 -6.66 -11.39 -15.31 -16.60 -2.98 -24.46 -24.27 -20.87 -15.15 -10.18 -58.52 -19.44
2.17 20.38 -40.06 -2.07 10.97 -4.40 -11.73 -5.01 3.82 3.08 -5.98 9.63 13.44 16.64 -16.98 3.81 -14.43 7.94 1.08 14.36 -0.67 -29.38 28.93 -2.70 -4.39 -2.35 14.03 -0.96 -14.88 4.72 3.47 -0.27 -7.21 -15.94 -1.31 -7.14 -12.36 -14.20 -16.51 -4.77 -26.77 -25.52 -22.01 -17.71 -11.52 -58.57 -21.46 -41.49
18.31 -43.47 -2.69 12.24 -4.47 -10.30 -2.88 2.19 1.50 -5.21 7.73 15.28 17.95 -14.79 6.30 -13.00 9.61 1.90 15.23 0.90 -30.26 30.37 -0.85 -4.90 -0.12 12.91 -0.34 -14.95 3.97 5.78 3.49 -8.69 -15.79 -4.10 -6.64 -14.07 -15.36 -16.01 -5.40 -28.84 -27.52 -23.82 -18.58 -12.19 -58.12 -21.05 -42.52 12.54
-39.53 1.33 14.16 -5.41 -10.96 -2.42 1.81 5.73 -2.13 9.21 16.45 15.01 -16.26 4.26 -15.25 7.02 -0.27 13.45 -1.46 -32.85 30.25 -1.66 -6.31 -1.75 11.15 -0.06 -16.19 2.05 3.72 -2.53 -12.55 -15.08 -3.25 -5.29 -15.79 -13.53 -15.08 -6.69 -28.17 -24.83 -23.30 -18.18 -11.06 -56.18 -19.10 -38.46 15.23 34.87
-1.03 11.32 -6.05 -12.50 -4.46 1.38 6.96 -2.59 5.23 15.30 15.83 -16.53 5.05 -14.41 8.56 1.27 14.54 -0.10 -31.16 32.87 -0.62 -4.41 -1.53 11.16 1.94 -14.10 1.98 4.29 -2.00 -13.19 -14.95 -4.62 -6.46 -16.55 -13.07 -17.13 -7.95 -28.53 -25.57 -23.75 -17.33 -10.58 -57.70 -19.72 -38.43 16.20 35.93 -7.07
10.03 -7.50 -14.31 -2.52 0.97 7.18 -1.12 4.58 13.47 14.86 -17.14 6.24 -14.39 10.27 3.18 16.15 1.29 -30.49 34.62 0.62 -4.50 -0.18 12.27 2.27 -13.76 2.05 3.37 -2.56 -12.49 -13.65 -3.37 -6.49 -17.67 -14.84 -17.22 -10.74 -28.57 -24.29 -23.88 -17.21 -11.88 -57.04 -19.85 -38.37 15.50 36.33 -7.40 -11.67
-5.50 -11.69 -2.10 3.83 7.78 -0.58 4.07 13.67 14.90 -15.88 7.36 -13.94 11.39 4.28 17.76 2.46 -30.17 35.32 1.47 -3.58 0.45 11.73 2.26 -13.68 0.31 2.30 -3.74 -12.41 -12.42 -5.26 -6.64 -18.71 -16.20 -18.70 -11.75 -29.62 -24.18 -23.77 -19.20 -12.80 -58.03 -20.32 -38.88 15.96 34.71 -8.03 -13.26 -2.45
-9.75 -0.61 5.10 9.11 0.59 5.01 12.98 14.85 -14.39 7.74 -12.93 12.65 4.72 18.27 2.63 -30.18 35.02 0.52 -5.96 -0.63 11.14 -0.22 -15.58 -0.22 0.17 -4.92 -13.48 -11.50 -6.04 -5.68 -18.08 -17.03 -20.16 -11.47 -29.86 -23.30 -23.71 -17.79 -11.78 -59.54 -22.16 -40.24 16.69 33.99 -8.66 -13.84 -4.25 -1.20
-3.37 2.17 7.96 -1.86 2.34 13.15 14.82 -15.50 7.18 -14.90 11.02 4.34 17.85 2.46 -30.70 35.41 0.46 -7.18 -0.39 11.78 -0.56 -13.27 0.73 0.57 -2.29 -13.08 -10.56 -5.85 -6.43 -15.61 -16.14 -18.88 -9.81 -28.67 -22.16 -24.12 -18.71 -12.52 -59.34 -21.51 -39.77 18.38 33.40 -8.91 -13.23 -3.15 -0.48 5.80
2.27 8.21 -2.01 1.80 13.51 14.62 -15.50 8.05 -14.04 11.38 4.51 17.19 2.36 -30.91 35.31 -0.30 -8.09 -0.60 11.94 -0.92 -13.41 1.04 1.08 -3.10 -12.87 -10.86 -5.66 -7.07 -15.56 -17.82 -19.56 -9.49 -28.66 -21.86 -24.45 -18.29 -12.00 -60.87 -22.61 -39.64 18.71 32.96 -9.24 -12.93 -2.47 0.01 6.93 1.54
5.78 -3.90 1.49 12.93 15.10 -17.28 8.18 -15.15 9.11 4.35 17.17 1.50 -30.63 36.19 0.05 -8.04 -0.90 13.89 0.00 -12.72 1.99 2.20 -1.82 -13.83 -9.19 -4.46 -7.35 -14.85 -16.41 -19.22 -8.51 -27.47 -21.68 -24.38 -18.05 -11.98 -61.42 -23.23 -40.89 18.70 33.92 -9.58 -13.62 -3.07 -0.43 5.41 2.42 4.43
-3.27 2.13 12.73 16.61 -17.45 9.93 -15.11 10.02 5.46 18.15 0.44 -30.09 36.90 0.23 -7.07 -0.62 13.92 -0.48 -12.91 2.09 1.78 -1.65 -13.71 -9.63 -5.76 -9.35 -15.26 -17.22 -19.29 -8.38 -26.81 -22.47 -25.11 -19.07 -12.46 -62.76 -23.63 -41.26 17.92 33.24 -9.92 -13.39 -2.93 0.23 5.02 3.12 3.79 4.29
0.84 12.06 16.06 -16.53 9.76 -14.12 10.56 6.18 17.69 0.98 -30.08 37.33 0.24 -6.78 0.11 14.24 0.13 -11.90 2.62 2.06 -1.57 -12.71 -9.83 -6.48 -9.43 -16.04 -17.63 -18.83 -7.85 -26.16 -22.10 -25.54 -19.59 -12.78 -63.19 -24.46 -41.46 17.86 33.69 -10.10 -13.18 -2.59 0.69 5.23 2.68 4.57 4.87 12.96
17.68 20.34 -12.91 12.71 -11.53 13.59 6.47 20.78 8.99 -26.16 38.95 1.26 -4.78 1.39 14.82 -0.82 -12.42 1.71 -0.05 -2.45 -12.62 -12.88 -8.28 -10.27 -18.72 -20.93 -19.28 -9.43 -29.19 -24.90 -26.64 -20.74 -13.92 -63.52 -26.31 -42.92 17.39 31.63 -10.85 -15.65 -3.31 -1.46 4.55 2.39 3.74 3.16 11.45 6.70
23.09 -10.05 14.10 -13.20 13.62 4.99 19.01 8.58 -20.96 39.53 1.29 -4.41 0.01 12.88 -4.29 -14.80 -0.51 -3.00 -4.74 -15.93 -15.43 -11.91 -12.65 -17.56 -22.15 -19.35 -8.65 -28.07 -26.76 -26.24 -22.98 -12.47 -61.07 -22.98 -42.90 21.34 32.30 -10.45 -14.32 -2.32 -1.59 4.63 3.06 2.33 2.76 10.04 5.49 10.78
-13.38 11.25 -15.92 15.59 3.33 17.76 8.54 -21.92 35.85 0.55 -2.56 0.79 14.65 -1.37 -12.45 1.02 -0.88 -2.14 -13.50 -12.84 -10.03 -9.34 -17.67 -24.32 -16.27 -6.49 -27.71 -25.27 -25.34 -23.93 -11.74 -60.99 -23.20 -45.17 21.86 30.15 -10.40 -15.55 -2.39 -1.71 4.77 3.51 1.42 2.98 9.24 6.32 11.54 6.89
8.26 -15.14 12.86 6.96 15.60 9.57 -21.20 31.55 0.34 -5.33 1.57 17.09 -2.14 -10.52 0.80 0.17 -2.91 -15.59 -12.25 -12.11 -10.91 -19.21 -29.36 -16.80 -6.10 -32.05 -28.72 -23.22 -25.21 -12.08 -61.64 -24.01 -44.34 22.44 27.24 -11.37 -15.47 0.10 -0.20 6.00 2.09 2.61 2.23 7.40 4.66 8.87 6.93 22.64
-14.44 10.23 10.54 17.91 10.65 -18.38 35.54 2.48 -5.53 2.43 18.47 1.29 -11.31 0.61 -0.68 -0.79 -13.94 -14.37 -13.75 -15.64 -23.13 -32.89 -25.16 -5.95 -33.90 -30.95 -26.32 -26.25 -15.55 -59.81 -26.11 -46.11 16.98 29.08 -10.32 -15.29 -0.70 1.41 9.37 3.19 4.99 4.92 7.04 2.92 9.88 6.38 23.04 17.11
8.14 6.02 19.09 15.37 -17.86 38.23 7.14 -3.41 -0.04 19.19 3.06 -7.23 3.61 3.66 1.91 -9.99 -9.44 -11.50 -14.26 -21.95 -32.53 -24.33 -9.11 -34.90 -31.68 -26.12 -29.43 -16.30 -62.28 -26.39 -45.52 13.41 23.96 -12.15 -14.55 -3.24 -1.22 9.02 6.02 4.21 3.99 6.38 1.19 9.94 5.26 23.95 17.27 22.03
3.74 17.67 14.12 -17.91 36.87 7.14 -5.55 -2.15 17.01 2.30 -6.51 5.11 7.95 4.74 -6.82 -6.58 -7.57 -10.07 -17.84 -27.22 -18.20 -4.25 -29.56 -27.84 -24.60 -26.28 -13.57 -61.17 -21.91 -42.97 17.44 23.98 -13.76 -18.66 -3.55 -2.11 8.23 5.13 1.76 0.45 3.83 -0.40 9.30 5.07 22.27 16.43 19.15 -8.60
14.67 10.49 -17.91 35.41 5.25 -5.15 -4.11 16.25 -0.28 -5.99 2.55 9.22 7.49 -4.78 -5.70 -7.50 -9.06 -16.71 -24.73 -15.75 -2.78 -25.59 -24.41 -24.22 -25.14 -11.91 -60.44 -20.01 -41.30 21.72 26.29 -12.18 -18.15 -5.99 -2.09 7.19 4.03 2.89 1.00 3.25 -3.06 10.77 5.40 21.51 15.63 20.93 -10.27 10.49
10.79 -21.07 36.21 2.57 -5.25 -3.00 15.61 1.09 -7.48 2.71 9.14 10.16 -2.05 -5.11 -5.45 -7.17 -13.86 -22.91 -13.63 2.95 -23.05 -20.54 -22.68 -21.72 -9.76 -56.51 -14.83 -42.25 21.65 29.49 -10.00 -18.31 -7.94 -4.79 8.95 2.21 3.02 -0.33 2.14 -5.58 11.53 4.52 20.60 16.56 21.86 -9.19 7.63 10.03
-24.25 35.09 1.19 -2.50 -4.14 17.73 1.04 -8.14 1.21 8.87 10.29 0.99 -1.07 -0.66 -3.97 -11.39 -19.71 -9.95 7.50 -17.78 -17.32 -17.69 -18.57 -9.56 -53.98 -13.98 -41.84 23.02 30.69 -8.03 -16.13 -7.71 -5.53 4.24 1.16 -0.47 -1.60 1.87 -6.47 10.49 1.82 22.37 15.10 21.48 -10.21 8.57 8.64 -1.46
31.08 -2.15 -3.92 -6.08 17.94 0.86 -9.23 -0.36 3.77 8.77 -1.77 -1.07 0.24 -5.03 -10.16 -17.47 -9.29 10.30 -12.42 -15.26 -15.37 -15.59 -3.76 -52.46 -13.48 -41.22 23.73 30.30 -2.26 -12.07 -2.66 -5.61 4.91 -2.86 1.21 -2.03 1.25 -6.00 7.45 -0.32 22.97 14.35 21.78 -8.36 8.43 8.79 -2.80 -25.17
-1.30 -2.07 -8.02 16.91 0.79 -11.10 -2.64 2.39 6.85 -4.31 -2.06 1.21 -4.58 -9.81 -14.41 -9.39 10.48 -12.08 -16.79 -13.79 -14.66 -1.59 -48.69 -13.42 -42.30 24.91 31.16 -3.36 -10.06 -1.65 -4.88 6.25 -3.30 -1.92 -1.42 0.97 -3.93 7.10 -2.17 21.10 12.80 21.29 -6.90 8.77 7.65 -2.82 -28.10 45.26
-1.75 -7.94 17.44 2.72 -9.43 -1.72 1.37 7.64 -5.29 -1.05 -0.01 -4.12 -8.44 -12.45 -7.86 10.67 -9.05 -14.40 -14.21 -12.70 -0.82 -46.84 -12.07 -42.64 24.11 31.57 -2.37 -11.12 -1.71 -3.53 8.20 -3.39 -2.44 -4.54 2.34 -5.46 6.39 -1.45 21.31 11.84 20.30 -7.25 10.77 9.75 -4.29 -29.30 42.18 7.61
-10.59 15.95 1.66 -5.81 -2.06 2.49 9.81 -6.59 -3.78 -0.37 -4.13 -5.76 -11.03 -5.73 11.65 -7.63 -12.66 -14.52 -11.56 -0.97 -48.79 -11.63 -43.74 21.95 31.02 -4.42 -13.12 -2.39 -4.88 10.22 -2.35 -0.93 -3.50 0.18 -5.89 3.73 -1.67 23.22 14.97 21.40 -8.43 12.02 10.54 -5.19 -29.92 40.80 8.31 16.10
12.08 0.00 -6.22 1.61 2.05 11.26 -6.64 -3.50 -2.53 -4.94 -3.99 -8.15 -3.38 16.73 -3.27 -9.75 -11.95 -8.67 1.04 -45.79 -9.46 -40.76 18.25 30.03 -3.68 -11.34 -3.43 -4.49 11.51 -0.79 -0.22 -2.66 -3.74 -9.56 3.83 -6.12 21.37 15.08 20.81 -10.29 10.29 11.19 -5.29 -30.80 37.92 6.76 13.72 2.78
0.15 -5.60 1.61 5.48 12.89 -3.47 -2.06 -1.48 -4.36 -2.17 -7.82 -1.13 20.37 0.38 -6.78 -10.93 -7.66 2.12 -43.38 -8.28 -41.68 17.55 28.48 -4.65 -12.29 -6.37 -3.86 10.93 -0.63 1.27 -0.73 -6.53 -10.50 -0.69 -6.41 18.67 14.77 21.30 -10.50 8.12 10.43 -6.56 -30.79 38.37 6.54 15.15 1.52 -6.49
-4.85 -0.18 7.04 13.37 -2.28 -0.86 -2.12 -3.17 -0.94 -6.13 -1.48 21.90 2.75 -5.35 -11.60 -8.96 2.07 -43.58 -8.89 -41.18 15.03 27.73 -6.97 -13.31 -6.21 -4.79 11.73 0.25 -1.55 0.42 -5.96 -10.34 -0.10 -6.85 18.94 13.79 21.03 -9.72 9.03 10.35 -7.30 -29.93 37.70 6.74 15.60 1.46 -8.64 3.90
1.09 6.51 14.57 -2.26 -0.56 -1.81 -4.25 -1.12 -7.44 -1.70 21.15 2.83 -3.49 -10.94 -10.30 -0.07 -44.27 -9.49 -41.30 14.58 26.53 -8.16 -15.29 -6.97 -6.79 12.21 -1.11 1.32 -1.40 -5.39 -10.38 -0.90 -6.89 19.55 13.39 22.81 -9.47 11.02 11.35 -6.52 -33.47 37.88 7.02 15.46 1.33 -6.86 2.96 -9.37
5.99 13.47 -0.57 2.42 -0.39 -2.64 -0.61 -8.97 -3.33 21.37 2.18 -1.31 -8.59 -9.80 -0.05 -43.63 -9.32 -42.17 13.61 24.94 -9.13 -17.51 -8.54 -6.04 9.45 -2.83 -0.64 -0.79 -6.34 -7.05 0.32 -9.42 18.40 12.08 23.01 -8.16 11.01 14.36 -4.82 -34.69 34.75 5.65 16.49 1.91 -7.74 1.26 -11.19 -2.91
14.17 0.06 4.51 0.07 -1.16 -0.78 -9.10 -3.26 21.56 2.45 -0.98 -8.59 -9.16 -0.07 -43.66 -9.31 -42.49 12.70 23.92 -9.82 -17.82 -10.74 -6.77 10.11 -4.73 -0.30 -2.60 -7.01 -7.83 1.61 -9.99 17.38 11.04 23.24 -7.97 12.53 13.87 -3.96 -34.78 33.23 4.24 15.18 2.20 -8.08 -0.11 -12.33 -3.61 1.48
-1.47 2.28 -2.05 -3.84 -2.83 -9.55 -3.22 21.45 1.05 -2.74 -9.43 -9.45 -0.79 -44.96 -8.78 -41.69 12.83 23.45 -10.32 -17.39 -10.14 -3.88 10.73 -4.43 1.21 -1.03 -5.74 -7.05 2.05 -9.67 17.43 11.22 22.43 -6.59 12.73 13.83 -4.11 -36.16 33.04 4.80 15.51 2.36 -8.42 -0.39 -11.36 -0.71 2.62 12.83
0.80 -4.16 -5.46 -3.85 -11.72 -2.74 21.94 0.53 -4.55 -10.41 -10.15 -1.10 -45.15 -9.95 -42.26 13.44 24.90 -9.33 -16.58 -8.96 -0.90 13.13 -3.27 1.98 0.60 -4.29 -5.93 2.71 -9.14 17.75 12.06 23.07 -6.35 13.22 13.91 -4.34 -36.62 32.59 5.26 17.23 2.56 -7.16 -1.42 -11.12 0.52 3.52 14.26 -3.95
-3.41 -5.17 -3.67 -11.92 -2.26 22.59 1.21 -3.75 -7.15 -8.98 -1.42 -44.41 -9.78 -42.38 14.27 25.52 -9.28 -16.11 -7.67 -0.55 13.26 -2.17 3.60 1.70 -3.72 -7.08 4.66 -9.83 18.02 11.87 23.74 -7.35 13.71 13.62 -4.46 -37.54 32.23 3.12 15.77 0.93 -5.81 -2.90 -12.75 0.03 3.47 13.29 -5.02 7.16
-4.24 -4.04 -10.81 -2.49 22.46 2.37 -3.39 -5.96 -7.59 -0.59 -43.80 -9.87 -42.05 14.65 26.05 -9.05 -15.78 -7.47 -1.21 13.74 -1.30 3.40 1.31 -3.93 -6.47 5.30 -9.69 17.78 10.59 23.21 -8.14 13.64 12.52 -4.20 -38.13 31.66 2.10 14.88 0.57 -6.04 -2.40 -12.72 -0.75 2.70 13.78 -4.05 7.78 -1.84
0.36 -7.56 -0.63 23.06 4.38 -1.95 -4.94 -4.37 3.98 -40.20 -9.85 -41.51 14.77 24.77 -8.91 -17.58 -8.87 -2.88 12.79 -1.95 0.33 -0.85 -4.41 -7.16 4.89 -11.21 18.32 8.94 20.91 -10.69 12.44 11.15 -2.93 -37.80 31.51 1.83 15.28 -0.44 -6.84 -2.59 -11.95 -1.36 2.49 13.84 -3.27 8.82 -2.98 -10.78
-7.05 1.53 24.73 3.38 -0.65 -7.42 -6.30 4.59 -34.58 -8.69 -42.57 14.78 25.29 -5.88 -17.42 -10.20 -4.39 12.13 -3.29 -1.42 -2.28 -5.38 -5.19 4.05 -10.14 18.38 8.08 19.81 -13.25 9.94 9.67 -0.34 -35.54 31.78 0.13 14.05 -1.65 -9.71 -3.46 -13.15 -2.89 1.38 11.35 -6.93 7.17 -5.13 -11.56 1.59
0.70 23.91 4.03 -1.88 -7.26 -8.52 3.39 -34.94 -8.85 -42.76 14.83 22.84 -5.32 -15.98 -9.95 -5.32 11.41 -2.71 -2.55 -2.79 -5.51 -3.56 5.19 -11.27 19.67 11.40 19.73 -13.24 9.75 9.45 -1.32 -33.90 31.39 0.82 13.84 -0.26 -10.94 -4.58 -14.63 -2.96 1.62 10.15 -7.60 6.27 -6.66 -11.04 1.09 -3.93
24.58 6.71 0.51 -6.85 -7.96 1.65 -37.17 -10.17 -42.32 15.25 23.85 -7.07 -14.95 -8.26 -4.62 11.30 -2.73 -2.96 -5.53 -6.68 -2.47 3.87 -11.36 21.07 10.73 21.91 -14.36 9.90 10.15 -1.86 -35.00 31.67 -0.89 14.06 -1.28 -8.40 -5.43 -14.46 -3.75 -0.65 8.22 -10.28 6.33 -8.37 -13.60 -0.02 -5.08 -18.16
7.00 1.94 -8.10 -5.84 1.82 -36.05 -10.46 -40.38 16.52 25.53 -7.28 -13.23 -6.70 -4.90 12.96 -1.14 -1.34 -3.04 -4.63 -1.56 4.42 -8.46 23.48 10.57 22.11 -14.65 11.15 8.11 0.12 -34.28 33.19 -1.43 13.41 -3.84 -9.16 -8.58 -14.68 -5.64 -2.75 7.14 -8.27 6.98 -7.93 -12.50 -0.03 -4.27 -19.41 -11.27
3.64 -8.57 -4.25 1.90 -35.96 -10.46 -39.84 18.08 26.67 -4.67 -13.42 -7.02 -4.21 11.56 -0.21 -0.55 -1.99 -3.87 -0.41 4.19 -7.92 25.61 11.61 23.57 -12.65 11.14 9.31 -1.57 -33.73 32.46 0.65 12.04 -4.04 -9.27 -8.98 -15.12 -6.95 -4.03 6.40 -9.84 8.30 -9.43 -12.49 -0.36 -4.37 -19.05 -12.57 -39.00
-10.11 -4.86 1.85 -36.19 -9.03 -42.14 17.26 27.03 -6.28 -12.75 -5.88 -4.60 11.73 0.79 0.27 -0.21 -1.16 3.18 6.89 -5.62 27.56 15.83 26.66 -10.60 13.93 9.94 -1.60 -33.89 34.96 0.26 12.37 -3.31 -10.66 -11.05 -14.38 -8.97 -4.88 6.97 -9.94 8.66 -8.56 -11.48 1.45 -4.47 -20.64 -15.32 -39.91 -6.42
-3.81 4.21 -35.09 -6.95 -41.47 18.36 28.07 -4.15 -11.81 -3.74 -3.67 12.38 0.39 0.40 -0.05 0.23 4.38 7.58 -4.68 26.27 16.32 28.59 -9.77 14.53 9.73 -2.18 -35.71 33.62 0.85 10.63 -4.26 -11.83 -13.47 -15.64 -9.61 -5.88 5.93 -10.15 9.19 -8.09 -10.74 2.40 -2.94 -19.37 -15.34 -38.73 -5.86 -39.10
3.47 -34.40 -6.54 -42.55 19.58 25.08 -5.75 -12.14 -0.58 -3.46 11.23 -0.33 -0.97 0.80 0.44 3.67 5.15 -4.97 26.18 14.60 25.40 -9.18 16.88 8.46 0.28 -37.33 32.62 0.41 11.43 -5.32 -10.96 -12.45 -13.16 -10.41 -6.12 4.98 -9.90 8.35 -8.70 -11.52 2.67 -2.38 -19.01 -17.58 -39.63 -10.04 -41.48 10.75
-33.57 -7.55 -40.99 14.77 22.74 -7.22 -11.43 -0.39 -2.76 11.12 -0.78 -3.74 -3.35 -4.90 -0.21 3.34 -5.94 24.40 12.81 24.47 -8.82 16.70 9.32 0.09 -33.90 33.60 2.76 10.65 -6.41 -12.42 -13.59 -10.52 -6.72 -2.43 5.53 -7.40 7.87 -10.72 -10.65 5.93 -0.24 -17.54 -15.94 -37.89 -6.01 -40.37 15.39 17.85
-1.88 -34.72 19.33 28.07 -8.37 -5.29 -0.29 0.26 18.97 2.75 -4.13 0.99 -3.32 1.05 4.56 -5.96 23.05 4.22 16.04 -15.60 12.13 4.06 -7.16 -34.63 25.36 -4.05 4.67 -6.48 -19.27 -10.41 -11.35 -9.91 -5.37 4.47 -9.12 6.66 -11.17 -7.75 9.37 -3.28 -19.83 -15.81 -36.47 -3.89 -40.05 20.08 15.77 55.14
-36.09 19.93 24.12 -4.83 -5.91 0.90 -0.73 18.87 -1.31 -6.94 -1.30 -1.87 1.00 5.16 -3.83 26.81 7.93 16.71 -14.24 9.04 6.66 -5.12 -31.80 26.66 -8.15 2.12 -8.78 -22.68 -9.42 -9.82 -10.13 -8.12 -2.27 -10.66 6.49 -12.51 -7.16 9.58 -1.75 -19.07 -17.15 -37.97 -3.03 -37.83 21.00 20.36 56.50 1.19
21.30 24.55 -3.44 -5.03 1.03 0.67 18.18 0.22 -5.57 -0.96 -0.81 3.04 5.21 -5.29 25.68 8.86 16.69 -16.27 8.97 5.22 -4.97 -33.88 23.74 -6.96 -0.22 -8.80 -23.58 -9.24 -11.85 -7.96 -9.56 -3.34 -13.18 7.90 -13.12 -6.55 9.19 0.36 -18.03 -17.89 -38.30 -2.58 -38.30 22.43 20.78 58.88 -0.10 -12.11
24.95 -0.65 -4.45 -0.98 -0.11 15.06 -2.43 -5.99 5.21 -0.11 2.51 4.34 -6.39 26.39 5.29 13.89 -19.18 6.95 2.97 -7.05 -35.18 20.58 -7.48 0.30 -10.67 -24.17 -10.16 -10.75 -10.29 -10.45 -4.42 -11.73 12.10 -11.17 -8.61 11.47 -0.76 -19.42 -18.09 -37.82 -4.52 -41.66 20.64 19.29 60.06 -1.29 -10.64 -25.75
0.08 -5.93 -1.64 -2.89 15.21 -2.42 -6.63 4.83 -1.07 3.37 5.52 -8.56 26.11 4.67 10.59 -20.41 8.06 6.75 -4.05 -31.23 25.95 -6.27 0.87 -9.11 -24.03 -7.40 -8.49 -7.41 -11.48 -4.78 -11.44 12.00 -10.90 -6.15 10.70 2.49 -21.09 -19.46 -38.92 -2.70 -41.50 18.68 18.73 60.04 2.11 -10.32 -20.99 -55.53
-3.49 -1.15 -2.81 14.78 -1.80 -7.73 4.19 0.85 4.07 7.51 -8.26 25.08 3.65 9.41 -21.16 6.97 6.91 -3.83 -32.19 24.55 -5.69 0.38 -8.12 -24.86 -8.40 -6.92 -7.51 -12.97 -5.53 -11.83 10.64 -10.21 -4.70 11.42 3.09 -20.20 -21.05 -40.17 -2.84 -39.92 18.50 18.47 63.02 4.65 -9.11 -20.21 -54.73 -44.87
-1.32 -4.56 13.28 -2.88 -8.77 4.25 1.92 4.94 6.07 -8.36 24.10 2.11 8.18 -23.08 7.11 7.01 -3.29 -32.23 24.80 -5.53 0.59 -5.72 -24.29 -9.14 -6.92 -6.73 -11.64 -5.98 -11.60 10.04 -8.95 -4.13 12.43 3.54 -19.70 -21.99 -40.33 -3.56 -39.15 21.30 19.93 64.73 5.04 -7.25 -17.31 -51.18 -42.62 -15.54
-5.20 14.18 -3.23 -9.41 3.79 2.51 6.78 8.55 -5.13 24.90 2.37 7.09 -26.00 5.19 5.69 -3.05 -31.07 25.85 -5.00 1.65 -5.61 -23.07 -10.12 -6.17 -4.86 -11.75 -4.17 -13.67 9.00 -10.98 -5.49 13.62 6.61 -18.43 -22.83 -42.33 -4.79 -40.58 22.87 22.86 69.23 5.29 -8.25 -18.76 -48.95 -43.61 -11.08 8.93
11.29 -3.97 -10.78 1.69 2.17 6.52 9.32 -3.83 25.91 2.11 6.89 -26.37 4.14 5.79 -2.64 -30.69 25.89 -3.74 2.81 -3.88 -21.93 -8.08 -5.15 -4.61 -9.55 -3.87 -11.23 8.78 -8.84 -6.52 15.02 8.36 -16.16 -23.40 -43.16 -7.19 -40.84 21.85 23.98 71.54 7.92 -7.81 -20.03 -51.41 -43.43 -12.09 10.80 -2.62
-5.19 -10.67 0.99 2.42 6.25 9.12 -3.40 26.18 3.01 6.88 -25.86 4.09 5.59 -1.62 -30.75 26.13 -2.45 4.29 -2.75 -19.89 -7.59 -4.44 -3.97 -9.20 -1.52 -11.12 9.74 -8.74 -5.38 13.92 8.82 -14.81 -22.06 -44.01 -8.58 -43.46 21.61 23.87 73.49 9.91 -5.33 -19.22 -52.86 -46.29 -14.14 8.69 -1.70 -1.88
-12.09 0.13 2.03 7.71 9.86 -3.70 26.40 2.53 4.11 -26.65 4.22 5.85 -2.24 -29.41 26.84 -1.51 6.15 -0.21 -19.11 -7.18 -4.44 -3.21 -8.99 -1.89 -9.22 10.19 -9.00 -6.07 15.59 9.21 -14.25 -21.30 -44.26 -10.90 -43.46 19.02 24.71 75.23 12.09 -4.02 -16.57 -52.02 -46.19 -14.60 6.86 -3.19 -1.66 17.69
0.28 3.11 9.07 9.07 -2.93 24.50 1.19 3.90 -26.46 4.02 6.56 -2.50 -29.16 28.07 -1.33 5.47 -0.49 -18.92 -8.12 -4.15 -2.80 -9.84 -2.16 -9.28 10.59 -7.36 -6.49 16.34 10.34 -14.12 -21.15 -43.30 -10.33 -44.24 18.98 24.85 75.61 13.92 -3.96 -17.29 -53.07 -46.48 -14.33 6.19 -4.06 -2.27 16.90 7.51
4.08 9.20 8.36 -4.29 24.01 -0.75 3.18 -26.35 3.47 6.63 -2.21 -30.06 27.68 -1.17 5.31 -2.29 -19.53 -8.47 -5.35 -2.25 -10.00 -1.63 -9.47 10.21 -5.83 -4.60 16.52 11.49 -14.79 -22.22 -43.81 -8.71 -42.31 19.75 25.32 75.95 15.03 -3.73 -16.92 -51.99 -47.24 -13.14 6.60 -3.71 -1.37 17.21 7.70 9.65
11.36 9.77 -2.30 23.31 1.43 1.89 -27.99 3.46 7.79 -0.77 -29.30 27.52 -0.69 5.38 -3.71 -21.26 -8.93 -4.67 -2.37 -8.72 -0.65 -11.09 10.25 -5.11 -5.16 18.02 12.78 -13.63 -21.67 -43.98 -8.88 -42.20 20.56 25.92 76.94 17.22 -3.51 -16.51 -53.84 -49.41 -13.66 6.21 -1.90 -0.08 16.94 5.38 7.65 9.20
11.34 0.71 25.38 1.28 3.85 -27.04 3.40 9.07 3.53 -27.78 28.89 -0.88 5.72 -4.20 -22.46 -8.98 -4.44 -1.17 -7.28 0.98 -8.74 8.26 -5.06 -2.94 17.20 12.74 -12.11 -21.97 -42.38 -9.16 -42.75 19.74 25.07 77.74 15.58 -2.30 -17.64 -53.80 -50.20 -15.61 7.01 -3.85 -1.01 15.60 4.64 5.66 9.00 11.61
-1.65 23.87 0.26 3.60 -27.90 4.65 9.95 3.79 -28.21 28.39 -0.29 5.16 -3.66 -20.99 -8.48 -2.73 0.92 -5.02 4.13 -6.06 10.26 -2.35 -2.18 17.29 15.06 -12.88 -20.81 -42.10 -7.00 -42.36 21.71 25.00 76.78 12.87 -3.78 -20.05 -54.14 -49.29 -14.51 8.37 -1.93 -1.26 12.87 2.29 5.57 10.43 13.54 8.03
22.66 -3.05 1.62 -27.40 4.67 11.64 4.86 -29.45 23.30 -1.67 6.27 -3.07 -19.62 -6.91 -1.89 3.01 -3.28 7.77 -2.84 13.76 -0.30 1.08 17.58 16.18 -10.82 -19.56 -39.97 -5.89 -41.71 22.78 25.42 75.73 10.05 -4.31 -19.58 -54.12 -48.32 -13.97 7.56 -2.18 -0.43 13.29 2.13 5.52 11.72 14.47 8.88 27.02
-2.28 1.50 -24.92 5.59 11.22 6.60 -30.38 22.33 -0.81 6.09 -2.25 -18.85 -5.29 -1.22 4.09 -2.11 8.66 -2.98 13.85 -0.68 1.96 17.05 14.34 -10.95 -21.42 -39.82 -6.14 -41.65 20.61 26.50 75.61 9.69 -6.97 -20.40 -54.20 -46.47 -13.90 7.66 -4.16 -3.21 10.59 1.71 5.94 13.52 14.89 11.52 26.59 42.76
4.09 -23.56 6.12 7.73 7.33 -31.30 22.74 -0.08 10.09 -0.76 -15.88 -6.32 -0.89 4.79 -4.24 7.71 -3.66 15.73 1.51 5.98 18.93 13.43 -10.93 -20.46 -38.68 -3.10 -38.79 22.46 26.97 73.01 9.59 -5.97 -20.16 -54.18 -46.63 -14.99 6.40 -3.86 -3.81 11.52 2.25 5.72 12.52 12.82 14.80 28.79 42.94 50.10
-24.23 5.62 8.88 4.12 -30.74 23.11 0.39 11.79 -2.26 -16.20 -4.83 -1.58 5.52 -3.32 7.30 -2.14 16.39 4.47 8.31 23.32 17.94 -8.19 -19.99 -37.18 -2.14 -35.50 23.48 28.59 75.45 8.86 -6.63 -19.82 -57.32 -47.40 -14.90 6.23 -5.22 -4.29 9.41 2.10 5.57 12.94 12.29 14.05 31.51 45.49 51.66 37.65
7.66 13.96 8.26 -31.19 24.58 -0.63 13.46 -0.54 -9.29 -2.62 0.43 6.17 -5.97 4.33 -4.10 17.28 2.83 7.18 20.17 16.13 -8.75 -23.22 -38.91 0.68 -36.93 24.69 24.90 76.32 6.71 -8.69 -22.91 -56.52 -46.93 -11.67 5.35 -4.63 -6.17 9.84 3.75 5.04 13.53 13.04 14.39 29.52 45.09 47.80 37.00 11.29
12.75 10.11 -29.95 22.22 0.40 12.59 -3.60 -10.51 3.42 0.04 7.53 -5.95 5.93 -4.14 16.73 3.68 8.70 21.64 18.98 -4.98 -17.78 -39.23 2.93 -31.72 23.56 25.85 81.48 7.54 -3.70 -21.87 -53.95 -46.89 -13.73 3.71 -5.61 -3.40 7.81 4.46 3.77 8.81 12.39 10.20 27.38 41.44 43.79 30.83 8.24 16.55
10.99 -27.70 26.31 -0.21 16.35 -4.25 -9.96 2.79 4.57 9.28 -8.56 5.76 -4.30 15.86 2.10 9.08 19.60 16.42 -5.55 -20.48 -40.01 -0.05 -27.87 26.66 21.32 79.57 5.06 -5.85 -18.40 -51.12 -44.57 -12.78 3.22 -7.17 -3.17 10.58 4.45 4.93 8.57 8.94 9.38 25.51 41.82 42.33 27.41 3.68 12.92 -12.33
-26.12 29.97 -1.30 17.50 -1.96 -10.60 2.12 5.43 14.09 -9.34 -0.07 -3.01 13.98 -0.46 8.68 19.79 13.65 -11.94 -21.83 -46.25 -2.17 -30.84 32.21 20.28 72.33 -1.40 -6.89 -22.78 -50.63 -38.50 -10.54 2.92 -7.51 -4.70 11.74 4.60 4.78 8.33 8.85 8.16 24.56 39.51 42.01 27.79 0.52 9.01 -15.57 -4.09
31.25 2.55 19.09 -1.88 -9.95 3.15 4.36 14.58 -8.62 -0.47 -3.44 13.54 -1.04 8.26 19.53 13.80 -12.31 -23.59 -48.17 -2.32 -30.50 32.00 19.69 72.52 -4.61 -9.84 -24.80 -52.46 -37.41 -8.87 5.46 -6.92 -6.07 10.56 2.93 4.36 7.27 9.14 8.28 23.32 37.48 39.99 28.47 -0.57 7.50 -15.24 -4.88 5.89
6.09 26.52 1.87 -9.67 1.89 3.92 12.74 -8.46 9.63 -1.86 11.00 -0.43 5.83 16.17 11.59 -15.33 -28.06 -57.67 -9.53 -34.93 30.82 15.21 71.60 -4.56 -19.89 -32.06 -60.32 -38.79 -8.51 11.66 -2.58 -1.75 12.23 4.60 0.92 7.59 6.18 7.82 23.33 33.85 33.48 24.23 -3.21 2.04 -19.60 -7.97 3.70 -22.40
23.61 1.01 -10.56 1.58 1.94 12.58 -8.16 8.01 -0.38 10.14 -4.04 5.43 15.54 9.50 -16.11 -27.91 -58.26 -12.05 -33.94 30.44 14.11 72.01 -2.96 -20.20 -34.44 -63.71 -38.58 -8.69 14.99 1.46 1.49 14.96 6.53 0.56 5.50 5.22 6.69 21.96 33.34 32.65 21.67 -4.97 -1.96 -22.41 -9.89 3.88 -21.81 -7.26
1.67 -12.82 0.81 -0.35 11.24 -5.93 8.45 -0.35 8.06 -4.96 2.29 13.28 5.38 -20.19 -31.23 -59.05 -14.04 -36.04 29.44 11.21 70.80 -7.31 -24.14 -37.91 -71.09 -42.17 -9.13 16.52 2.78 4.31 15.06 5.66 -0.72 7.43 7.57 8.12 20.45 31.47 30.30 20.91 -5.69 -2.34 -22.35 -7.30 6.38 -19.08 -6.94 -15.83
-11.53 -0.27 -1.66 10.95 -5.08 10.56 -0.41 7.92 -6.11 3.27 13.37 5.84 -18.82 -31.72 -59.46 -15.87 -37.65 28.91 12.54 71.38 -9.46 -22.63 -37.82 -72.47 -44.36 -10.23 18.39 4.38 4.87 15.18 3.49 -0.15 8.92 7.80 7.57 21.26 31.18 28.17 20.11 -4.32 -0.90 -22.12 -7.10 8.37 -18.14 -6.10 -15.14 -35.61
1.38 -2.07 9.71 -5.00 10.86 0.54 7.50 -5.14 6.62 14.96 6.45 -17.88 -30.05 -59.90 -16.40 -38.93 29.52 11.97 74.14 -7.85 -20.15 -34.75 -71.53 -41.93 -10.98 17.59 6.48 5.11 13.55 4.68 2.06 9.01 7.68 8.37 21.86 31.63 28.36 21.18 -3.40 -0.24 -21.46 -6.88 7.61 -18.44 -6.63 -14.39 -37.57 -11.74
-3.10 10.93 -4.30 12.24 1.44 9.08 -3.99 6.55 17.04 7.34 -16.10 -28.33 -59.17 -15.68 -40.10 30.73 13.70 75.41 -5.43 -17.74 -29.57 -71.46 -40.75 -10.16 15.59 5.15 3.94 14.91 6.95 2.92 9.63 6.18 5.70 21.59 29.82 29.22 20.49 -2.89 1.16 -22.36 -6.04 5.41 -21.15 -9.59 -16.10 -40.63 -11.31 30.84
8.75 -6.04 11.38 1.26 7.84 -4.41 6.66 18.02 7.15 -15.52 -27.23 -58.91 -14.54 -39.58 31.91 13.03 76.90 -4.15 -17.42 -28.65 -69.41 -37.81 -9.19 16.44 8.90 5.11 15.59 7.59 1.44 7.76 6.72 5.74 22.57 28.80 28.78 19.83 -2.57 1.72 -21.05 -3.86 7.63 -19.25 -9.97 -16.66 -40.37 -10.65 32.05 6.99
-7.09 12.90 1.26 8.00 -5.30 7.43 18.93 7.47 -13.63 -26.56 -57.81 -13.47 -38.25 33.54 13.72 77.57 -2.87 -16.74 -27.82 -67.25 -34.02 -8.09 18.51 10.99 5.79 14.17 7.53 1.10 8.89 5.12 6.95 21.41 27.05 26.80 17.02 -3.87 0.73 -20.99 -2.79 8.44 -18.15 -10.76 -19.82 -43.44 -11.60 31.00 7.49 17.32
11.77 2.19 7.68 -5.71 6.93 16.70 7.52 -13.49 -25.00 -58.72 -14.65 -38.73 32.66 13.17 78.47 -2.70 -15.96 -28.15 -67.70 -35.65 -7.53 18.51 11.03 6.58 13.79 7.97 0.22 9.11 5.08 7.21 21.68 28.07 27.65 16.44 -4.26 -0.03 -21.29 -3.74 8.64 -17.35 -13.09 -19.12 -43.93 -11.55 31.29 7.34 19.60 17.89
0.96 7.13 -6.16 5.22 16.47 4.97 -14.06 -25.79 -59.78 -16.73 -39.39 32.30 12.52 78.44 -2.34 -15.53 -28.59 -67.88 -35.75 -8.05 19.29 10.23 6.83 13.89 7.74 1.77 8.61 6.35 8.22 22.73 28.65 29.03 16.37 -3.71 0.72 -21.61 -3.64 8.61 -17.46 -13.92 -21.07 -43.81 -11.38 31.21 7.08 19.30 18.35 8.70
3.90 -6.65 4.96 16.04 4.56 -12.99 -26.34 -60.73 -14.90 -39.72 32.51 13.37 80.61 -2.16 -14.84 -27.84 -66.51 -36.32 -5.84 21.86 14.75 8.38 16.03 8.80 0.77 5.80 6.80 9.67 26.55 31.06 33.94 15.73 -4.34 -1.17 -23.22 -3.61 6.96 -16.65 -14.34 -23.97 -44.50 -13.92 28.00 3.76 16.41 15.45 8.18 -11.13
-8.60 5.18 16.17 4.72 -14.36 -25.76 -60.91 -15.02 -37.32 32.37 13.27 80.67 -2.29 -16.05 -27.85 -66.97 -35.94 -7.57 20.98 14.51 8.94 16.04 7.35 0.73 4.95 4.61 8.42 27.92 30.86 35.25 18.38 -3.49 -0.91 -22.66 -4.48 6.97 -17.01 -13.64 -22.85 -45.66 -15.63 27.59 2.21 14.99 13.52 8.79 -10.58 -3.07
3.38 16.59 5.82 -12.93 -26.52 -60.23 -13.65 -38.55 34.53 13.35 79.85 -0.90 -15.99 -28.78 -66.96 -35.45 -7.24 18.59 13.66 8.16 14.87 5.83 -1.07 6.21 2.19 6.08 24.78 32.72 34.19 21.12 -2.06 -0.96 -22.02 -2.74 6.50 -16.55 -14.24 -22.08 -45.05 -17.58 25.10 2.32 13.57 11.94 7.05 -11.55 -2.14 -15.62
6.87 -3.31 -18.12 -25.20 -63.56 -10.70 -38.03 30.40 1.02 73.47 -4.55 -15.71 -28.01 -66.35 -33.25 -4.00 21.62 15.16 12.68 15.45 8.78 3.99 6.85 0.23 5.58 22.68 32.94 37.89 25.90 5.20 2.30 -24.32 -7.14 5.49 -14.46 -12.64 -21.81 -43.63 -18.23 24.51 1.48 14.55 10.35 8.08 -13.58 0.74 -13.25 -5.15
-14.63 -28.36 -29.89 -58.24 -11.75 -33.60 33.11 -5.55 53.72 -14.17 -17.48 -26.75 -61.78 -24.63 3.15 27.48 19.20 15.55 17.57 9.77 8.15 14.21 2.38 4.94 26.53 31.18 34.94 26.13 9.10 5.39 -21.32 -11.24 0.38 -17.27 -12.81 -22.02 -40.91 -13.48 25.52 0.15 16.32 11.57 6.60 -13.62 -1.53 -10.44 -1.65 -18.20
-27.60 -28.94 -58.89 -10.90 -35.58 33.94 -5.66 51.43 -8.89 -17.87 -31.02 -63.00 -26.66 0.95 27.42 18.65 15.28 13.20 7.40 4.15 11.66 1.19 4.41 26.29 27.62 31.29 25.54 8.01 5.27 -17.02 -9.03 2.78 -16.01 -13.50 -26.64 -43.50 -14.74 24.00 0.26 16.39 8.54 4.83 -15.91 -3.89 -10.15 0.41 -17.97 -14.85
-23.56 -50.71 -8.39 -34.55 33.65 -1.40 52.68 -6.31 -11.00 -27.86 -62.47 -28.74 -2.42 24.72 18.71 18.10 14.22 6.52 0.40 6.08 1.37 2.09 25.97 28.72 26.67 22.31 4.49 1.52 -19.08 -9.17 1.37 -17.15 -17.45 -25.27 -49.59 -17.73 18.94 -3.21 16.75 7.91 4.04 -17.88 -5.69 -10.20 3.66 -12.37 -8.98 -2.83
-45.22 -1.07 -27.55 35.17 1.90 54.10 -6.19 -8.42 -18.47 -55.77 -26.97 -1.12 24.88 14.67 15.05 11.69 5.22 -4.37 6.34 -0.70 0.84 21.35 29.31 25.38 16.97 -0.52 0.71 -20.79 -7.13 3.06 -14.36 -19.29 -24.96 -50.71 -15.51 22.35 -5.12 18.57 6.62 -0.45 -21.22 -8.50 -10.23 3.41 -13.88 -7.69 -4.54 18.86
3.52 -21.05 41.21 6.36 54.12 -3.50 -7.24 -16.98 -52.52 -21.58 -0.80 27.64 13.47 12.25 8.72 4.26 -7.46 1.64 -3.24 -3.96 14.34 24.64 22.07 13.46 -5.45 -6.98 -25.97 -10.46 1.66 -12.64 -20.48 -26.06 -48.22 -13.82 24.69 -4.52 17.88 6.63 -0.37 -22.46 -9.44 -9.53 3.82 -13.02 -8.38 -1.68 19.76 -16.73
-22.59 39.31 6.99 53.94 -3.98 -9.47 -18.54 -53.75 -22.31 -1.04 28.68 14.84 12.95 8.90 4.83 -8.35 0.37 -4.75 -6.35 12.69 22.52 23.99 10.76 -6.71 -3.11 -23.81 -12.97 2.55 -16.06 -20.97 -27.86 -46.35 -9.98 25.56 -4.67 17.74 7.97 -0.78 -22.86 -8.36 -10.90 7.62 -9.98 -6.22 0.19 19.18 -15.07 11.55
41.62 7.46 52.71 0.43 -10.33 -20.06 -52.18 -23.77 -3.74 29.80 15.57 13.89 8.37 6.80 -7.81 -0.85 -4.93 -8.23 7.73 18.26 18.21 9.41 -9.48 -5.53 -17.31 -10.51 -0.23 -18.43 -28.49 -32.27 -50.11 -12.46 27.41 -4.43 19.18 5.61 2.54 -23.07 -5.72 -6.53 9.01 -4.69 -0.73 4.46 22.34 -12.14 12.71 -1.59
4.89 48.34 -1.76 -10.50 -20.54 -50.94 -26.69 -5.99 26.78 12.74 12.05 7.90 9.77 -6.68 0.83 -6.15 -8.69 6.45 19.47 18.67 9.83 -6.81 -2.41 -18.08 -7.45 1.07 -15.07 -29.35 -30.60 -48.15 -8.00 29.36 -2.22 17.70 8.63 3.96 -21.27 -3.06 -8.60 8.21 -6.42 1.01 5.27 22.21 -12.28 11.28 -5.70 0.68
49.64 -3.92 -13.36 -22.23 -52.26 -29.12 -3.64 26.66 8.70 11.42 8.39 7.16 -9.16 -4.15 -8.71 -8.90 3.10 21.46 18.09 5.79 -10.31 -3.22 -20.21 -10.75 1.93 -11.35 -27.61 -29.38 -50.94 -8.35 26.26 -1.47 18.38 12.92 6.62 -20.35 -1.24 -11.41 8.44 -2.26 4.82 8.98 26.84 -7.18 17.23 -2.19 3.25 -22.88
-8.88 -18.92 -26.33 -53.18 -31.26 -2.60 28.93 7.65 8.56 4.75 6.70 -9.87 -4.16 -6.09 -8.38 3.46 23.46 18.40 5.77 -9.82 -0.31 -18.09 -12.42 4.68 -3.83 -24.22 -31.16 -47.04 -13.32 26.45 -0.30 17.96 10.85 8.85 -21.89 -2.63 -10.74 9.96 -0.33 7.27 6.50 29.59 -8.34 17.74 -0.57 6.20 -20.91 -5.02
-20.28 -27.85 -55.68 -32.57 -3.54 27.24 5.50 8.87 2.69 5.14 -8.37 -5.49 -6.82 -7.60 2.49 19.44 17.46 5.37 -12.60 -0.18 -18.28 -10.24 1.65 -6.01 -18.05 -25.33 -46.66 -9.79 21.83 -5.11 15.69 12.09 8.63 -21.48 -1.57 -11.24 11.70 1.40 8.34 9.52 27.50 -3.81 23.33 4.61 9.62 -16.23 -3.48 6.43
-27.79 -56.26 -33.39 -3.38 26.32 4.30 8.67 2.60 2.92 -9.15 -4.28 -7.64 -7.07 4.91 20.05 16.78 4.63 -11.75 -0.09 -18.10 -10.66 2.29 -4.69 -17.92 -21.11 -43.53 -7.86 20.77 -6.28 12.42 10.36 8.87 -19.48 -2.38 -12.31 9.57 2.11 8.76 10.89 31.81 -1.70 24.31 4.27 9.17 -16.82 -3.40 5.06 -34.57
-48.43 -29.36 -3.53 26.85 7.61 13.69 5.11 7.01 -16.81 0.89 -1.23 -7.85 5.78 19.15 16.56 6.88 -9.93 5.45 -15.61 -11.67 8.48 -1.27 -15.18 -23.34 -48.45 -9.91 22.34 -10.48 16.66 8.17 4.10 -24.84 -11.42 -11.35 12.22 4.75 8.47 7.86 31.13 1.59 34.97 5.27 14.60 -9.17 1.82 9.33 -35.04 24.62
-15.02 5.95 25.07 5.99 12.86 6.42 4.57 -12.35 5.13 5.35 -4.54 4.61 16.85 9.47 2.56 -10.13 2.32 -15.23 -9.69 5.56 -4.68 -14.97 -20.49 -50.18 -10.13 23.83 -6.56 14.12 10.69 2.18 -29.34 -12.45 -13.04 12.86 6.27 8.33 4.28 28.15 -2.60 36.21 6.89 14.80 -8.85 9.66 10.52 -28.78 21.09 16.05
14.56 30.11 4.16 14.10 6.74 6.56 -11.83 7.19 3.09 -2.61 6.43 16.25 6.36 0.14 -11.77 2.29 -14.50 -9.26 3.83 -8.10 -18.69 -22.77 -49.17 -9.21 19.73 -9.63 9.57 7.14 0.88 -29.30 -15.94 -14.88 9.40 7.78 7.99 5.41 27.92 -6.07 34.63 5.45 15.65 -8.45 14.52 16.37 -27.73 25.59 14.95 -22.38
29.86 2.86 13.16 4.92 7.28 -11.54 7.74 4.30 -6.51 5.12 16.53 5.04 -1.76 -13.58 2.21 -10.98 -8.32 7.89 -7.35 -19.77 -22.79 -48.95 -10.30 21.02 -10.49 10.18 7.75 0.93 -26.14 -14.55 -16.05 10.64 7.35 9.76 6.93 28.77 -6.43 33.09 5.32 15.39 -4.67 13.73 17.24 -26.53 25.53 12.41 -20.36 -10.57
1.16 13.09 6.33 7.13 -9.92 5.17 4.92 -6.93 6.37 16.02 4.27 -2.80 -15.24 2.04 -10.33 -7.47 7.98 -6.80 -21.80 -23.76 -51.83 -12.26 20.31 -10.13 11.16 10.01 0.41 -27.02 -14.02 -16.80 10.28 7.90 11.09 6.52 28.33 -6.37 33.67 5.66 16.17 -4.78 14.12 16.13 -26.16 22.83 10.03 -22.99 -10.71 12.49
12.34 6.84 8.77 -9.15 5.36 4.75 -6.82 6.72 17.28 4.05 -2.14 -13.91 2.27 -7.79 -6.54 9.74 -5.73 -22.67 -25.61 -51.58 -10.89 19.35 -11.76 13.96 10.37 0.48 -29.82 -13.73 -19.32 9.56 7.94 10.72 5.34 28.57 -8.17 31.26 4.35 18.00 -2.31 13.05 15.82 -26.72 21.44 7.07 -25.50 -12.50 11.30 -19.64
5.58 7.53 -8.92 5.02 6.20 -7.79 6.63 16.53 2.63 -3.53 -13.89 3.24 -6.37 -3.43 10.79 -3.57 -20.79 -23.92 -49.78 -8.44 21.10 -10.30 16.17 12.29 1.27 -29.65 -13.27 -20.40 10.13 7.88 11.38 5.16 28.13 -9.01 31.65 3.88 18.23 -2.10 13.75 15.17 -26.22 19.32 5.63 -27.77 -13.73 7.73 -19.92 -7.09
7.50 -8.79 6.25 6.18 -6.06 6.60 16.22 2.16 -4.73 -14.91 4.02 -6.57 -3.27 12.89 -3.14 -19.20 -23.74 -48.74 -8.72 22.18 -10.24 16.02 12.40 1.69 -27.73 -12.16 -20.28 8.98 7.88 10.40 5.08 28.04 -10.27 31.26 5.11 18.76 -1.61 14.70 14.87 -27.64 18.58 3.68 -27.91 -14.57 7.09 -20.26 -7.16 2.35
-8.36 4.86 5.47 -5.60 5.86 16.54 2.23 -4.14 -17.86 3.65 -6.38 -3.46 13.58 -2.06 -18.04 -23.72 -48.01 -8.38 22.27 -10.19 16.73 14.45 2.78 -26.67 -9.39 -18.85 9.83 7.33 9.56 3.59 27.71 -9.65 31.38 4.63 18.98 -2.79 15.31 14.83 -26.86 20.18 4.71 -26.49 -14.21 8.77 -19.26 -6.25 3.39 7.22
7.16 5.43 -7.03 5.48 15.46 5.01 -4.73 -17.73 1.90 -5.76 -3.74 14.43 -1.28 -19.48 -23.79 -47.35 -6.80 23.38 -7.87 17.04 16.12 5.21 -23.59 -9.72 -21.46 4.73 7.70 8.34 5.96 30.28 -6.53 31.37 4.18 18.44 -2.52 15.19 13.54 -27.63 18.19 3.23 -23.83 -15.07 7.44 -18.00 -6.14 2.92 6.51 3.29
7.19 -8.11 4.74 17.19 5.83 -2.87 -18.32 0.12 -9.97 -3.46 14.58 -0.49 -17.89 -23.27 -47.11 -6.68 24.97 -6.97 18.90 16.29 4.73 -23.01 -6.88 -22.78 1.53 5.04 7.37 3.96 31.53 -4.02 32.62 1.95 17.01 -2.23 18.09 15.54 -26.42 18.75 -0.01 -26.58 -14.51 6.06 -17.35 -3.26 3.17 6.20 2.86 11.97
-7.75 4.09 16.03 6.09 -2.00 -15.30 1.71 -10.44 -8.05 14.63 1.76 -16.21 -20.17 -44.68 -5.64 26.41 -6.04 21.15 20.91 7.89 -19.32 -4.10 -18.67 2.99 3.77 5.00 3.13 31.24 -2.12 33.71 2.26 13.56 -6.54 17.88 16.52 -25.21 19.45 1.35 -28.43 -15.57 8.15 -17.62 -4.32 4.39 7.44 4.38 12.06 3.28
6.26 17.59 6.78 1.89 -14.23 3.38 -9.35 -6.72 12.81 2.23 -14.67 -17.46 -42.60 -2.04 29.18 -3.73 23.29 20.05 7.66 -20.75 -2.14 -15.87 6.68 4.68 9.11 1.43 29.63 -4.71 33.73 0.43 12.54 -11.15 14.31 14.17 -25.57 17.71 2.27 -27.58 -15.19 6.30 -16.58 -5.88 2.88 7.45 2.55 12.84 4.38 -4.13
21.64 7.39 1.56 -14.22 4.54 -6.61 -4.99 12.50 0.99 -12.48 -16.02 -41.37 -1.53 28.95 -4.25 24.86 20.21 7.46 -17.33 -2.31 -16.01 5.74 7.83 8.55 -4.75 24.71 -5.97 31.96 2.10 15.19 -11.51 11.05 11.89 -25.04 20.21 4.35 -25.98 -14.33 4.08 -19.54 -5.00 1.43 6.16 5.46 13.96 6.61 -2.93 3.43
10.14 -2.21 -19.14 2.60 -6.76 -1.92 12.19 -0.70 -19.40 -17.04 -42.47 -1.99 34.40 -4.51 27.93 22.62 8.48 -16.33 3.83 -14.18 8.58 13.02 18.08 -3.12 19.84 -8.69 32.87 -2.06 17.57 -7.40 13.06 9.57 -29.74 19.83 5.71 -23.58 -12.60 3.63 -27.25 -10.31 0.72 3.55 4.06 20.21 7.14 0.53 1.82 10.35
1.31 -18.67 -2.66 -9.59 0.51 15.04 -0.79 -16.12 -22.60 -39.17 -1.03 32.68 -8.11 21.61 18.10 7.24 -17.15 10.62 -9.59 9.18 12.64 19.89 1.37 17.43 -16.87 32.13 0.82 13.67 -0.56 16.14 9.22 -31.01 18.05 7.29 -18.02 -7.14 5.14 -30.24 -13.33 3.16 9.51 2.24 23.63 13.37 0.89 1.86 7.28 15.27
-14.01 -0.75 -11.59 2.16 15.28 2.47 -15.16 -22.92 -44.89 -0.58 35.71 -8.16 21.55 16.39 7.57 -16.58 10.88 -8.51 10.20 9.30 17.95 2.19 21.98 -16.48 31.69 -2.22 10.29 -5.54 16.16 9.71 -32.86 14.82 3.79 -15.34 -4.70 8.03 -28.43 -13.07 -0.94 6.82 4.59 23.82 16.71 7.76 2.66 10.84 15.79 -26.36
0.43 -13.42 -0.67 16.75 3.49 -13.86 -23.67 -47.64 -10.23 32.30 -8.05 21.90 17.24 11.31 -15.33 12.20 -7.23 11.16 9.88 16.00 3.80 22.73 -14.94 30.82 -4.15 8.75 -7.34 15.67 8.38 -32.72 11.86 0.42 -18.40 -3.45 11.39 -26.29 -10.22 -0.61 5.63 1.67 25.38 17.50 11.08 10.50 12.84 16.19 -25.63 8.39
-12.98 -1.00 18.34 5.51 -12.67 -24.57 -49.35 -12.08 26.44 -11.19 23.39 16.88 11.01 -11.38 14.39 -4.59 11.19 10.90 14.06 1.51 22.16 -15.73 28.02 -2.51 10.48 -3.82 14.35 7.08 -35.24 9.77 -2.81 -20.95 -5.80 13.38 -23.92 -7.98 1.25 7.82 -0.04 20.86 17.69 11.14 13.34 17.25 15.58 -25.10 8.36 7.38
0.06 19.40 4.30 -12.50 -23.80 -49.37 -13.19 26.23 -14.37 20.62 16.64 10.93 -9.67 18.67 -1.45 11.84 13.20 13.45 -1.09 20.83 -15.71 30.13 1.92 10.12 1.36 14.40 5.71 -38.05 9.14 -5.35 -19.30 -3.99 14.61 -27.10 -8.20 -1.72 8.73 0.99 21.24 17.88 10.82 14.53 17.42 15.93 -24.49 7.68 7.99 9.20
22.54 5.42 -14.96 -25.96 -47.95 -13.72 25.39 -12.70 19.18 16.18 9.38 -11.75 18.30 -1.03 12.49 16.21 15.23 -0.27 21.11 -17.95 31.18 2.31 14.43 2.74 14.44 5.85 -38.01 3.98 -6.40 -18.91 -3.43 16.54 -27.18 -8.90 -0.84 7.63 0.71 19.61 16.24 9.91 15.03 15.90 17.21 -21.14 8.07 4.39 7.31 -19.00
9.77 -12.22 -24.95 -44.93 -12.10 25.70 -13.77 18.45 12.00 9.56 -9.95 18.84 0.71 14.77 16.40 16.13 -0.16 19.59 -19.18 29.87 0.28 15.53 5.62 13.16 7.02 -40.02 1.81 -11.28 -21.16 -3.76 14.95 -27.60 -9.64 -0.17 10.89 2.87 21.11 16.81 7.27 12.43 15.19 16.55 -18.91 13.10 4.83 7.97 -21.31 -11.64
-11.79 -19.76 -36.19 -12.02 26.26 -19.99 13.53 9.03 20.89 -4.36 21.02 4.84 12.48 20.55 14.44 -3.12 19.02 -21.23 19.35 2.60 14.06 -6.61 0.38 8.25 -42.72 5.70 -16.96 -17.43 -10.95 9.36 -30.64 -12.92 1.21 13.30 2.16 21.79 12.61 7.81 16.58 11.46 11.35 -16.02 19.79 2.87 8.97 -21.58 -12.08 -20.31
-21.51 -36.63 -8.49 27.13 -18.52 11.56 5.03 17.36 -5.33 17.68 4.28 14.74 24.34 19.85 -1.15 18.30 -20.79 16.74 -0.18 15.11 -4.18 0.84 8.13 -42.74 10.37 -15.44 -19.28 -10.43 5.64 -32.20 -12.21 1.18 12.56 0.72 22.92 14.26 7.68 21.15 11.58 8.13 -20.03 19.89 3.25 8.63 -24.91 -14.24 -23.60 -1.47
-37.62 -6.30 31.22 -16.35 9.81 6.57 17.87 -3.74 23.25 5.72 13.57 24.43 19.38 1.11 19.65 -19.94 17.79 -1.95 14.40 -4.95 -0.91 7.32 -43.68 9.88 -9.84 -24.18 -9.33 5.96 -33.69 -16.04 3.14 15.31 3.15 18.17 7.55 0.13 18.40 12.24 14.05 -15.44 21.69 4.49 1.72 -33.03 -15.65 -24.93 2.20 22.46
-1.18 38.55 -9.75 6.27 3.95 16.47 -7.95 26.79 18.24 20.07 28.51 20.36 -2.14 13.64 -27.36 14.24 -5.72 13.14 -8.13 3.01 8.90 -44.94 0.74 -7.31 -22.13 -11.30 9.19 -30.06 -17.96 -0.37 17.59 3.74 20.20 8.06 -1.14 17.38 6.36 13.33 -13.13 18.54 4.79 0.81 -32.48 -18.79 -27.55 3.27 18.95 -22.36
35.19 -14.39 5.21 7.17 17.41 -6.30 26.78 15.28 12.44 25.14 21.75 1.68 18.99 -20.92 17.02 -7.05 14.19 -8.36 4.92 12.17 -41.64 1.69 -5.71 -23.13 -5.78 14.02 -29.59 -14.04 -2.63 13.96 1.07 16.58 7.43 0.05 18.78 6.01 16.09 -10.69 19.17 7.60 2.12 -26.91 -16.86 -26.19 5.84 17.85 -21.51 -0.25
-13.55 3.56 8.15 18.99 -4.16 26.48 17.85 14.95 22.59 21.45 2.76 17.73 -23.47 16.98 -5.77 15.76 -6.39 6.88 11.35 -46.01 -3.03 -9.43 -21.24 -5.71 20.59 -23.70 -14.38 -3.64 12.45 -1.35 12.22 9.41 2.72 20.06 7.29 14.80 -8.88 18.30 9.68 6.51 -23.92 -13.14 -23.93 7.83 19.61 -24.95 2.02 8.72
-0.56 5.40 18.14 -2.57 24.77 21.40 17.71 22.55 18.14 0.99 17.16 -23.61 15.63 -6.80 16.27 -6.14 8.45 13.12 -44.47 -3.30 -9.65 -19.77 -6.25 21.26 -22.84 -16.98 -2.55 13.86 0.19 14.16 12.30 2.51 20.64 6.89 13.01 -9.24 19.64 10.33 8.51 -22.16 -9.79 -24.56 4.39 16.03 -27.92 1.42 10.81 6.47
