4.00 2.00 1.00 2.00 5.00 26.00 51.00 70.00 90.00 129.00 145.00 122.00 140.00 109.00 132.00 156.00 140.00 139.00 136.00 88.00 99.00 58.00 28.00 10.00 9.00 3.00 1.00 0.00 5.00 25.00 45.00 44.00 104.00 111.00 144.00 126.00 127.00 109.00 140.00 171.00 138.00 143.00 137.00 106.00 72.00 44.00 29.00 11.00
2.00 1.00 2.00 5.00 26.00 51.00 70.00 90.00 129.00 145.00 122.00 140.00 109.00 132.00 156.00 140.00 139.00 136.00 88.00 99.00 58.00 28.00 10.00 9.00 3.00 1.00 0.00 5.00 25.00 45.00 44.00 104.00 111.00 144.00 126.00 127.00 109.00 140.00 171.00 138.00 143.00 137.00 106.00 72.00 44.00 29.00 11.00 9.00
1.00 2.00 5.00 26.00 51.00 70.00 90.00 129.00 145.00 122.00 140.00 109.00 132.00 156.00 140.00 139.00 136.00 88.00 99.00 58.00 28.00 10.00 9.00 3.00 1.00 0.00 5.00 25.00 45.00 44.00 104.00 111.00 144.00 126.00 127.00 109.00 140.00 171.00 138.00 143.00 137.00 106.00 72.00 44.00 29.00 11.00 9.00 3.00
2.00 5.00 26.00 51.00 70.00 90.00 129.00 145.00 122.00 140.00 109.00 132.00 156.00 140.00 139.00 136.00 88.00 99.00 58.00 28.00 10.00 9.00 3.00 1.00 0.00 5.00 25.00 45.00 44.00 104.00 111.00 144.00 126.00 127.00 109.00 140.00 171.00 138.00 143.00 137.00 106.00 72.00 44.00 29.00 11.00 9.00 3.00 0.00
5.00 26.00 51.00 70.00 90.00 129.00 145.00 122.00 140.00 109.00 132.00 156.00 140.00 139.00 136.00 88.00 99.00 58.00 28.00 10.00 9.00 3.00 1.00 0.00 5.00 25.00 45.00 44.00 104.00 111.00 144.00 126.00 127.00 109.00 140.00 171.00 138.00 143.00 137.00 106.00 72.00 44.00 29.00 11.00 9.00 3.00 0.00 0.00
26.00 51.00 70.00 90.00 129.00 145.00 122.00 140.00 109.00 132.00 156.00 140.00 139.00 136.00 88.00 99.00 58.00 28.00 10.00 9.00 3.00 1.00 0.00 5.00 25.00 45.00 44.00 104.00 111.00 144.00 126.00 127.00 109.00 140.00 171.00 138.00 143.00 137.00 106.00 72.00 44.00 29.00 11.00 9.00 3.00 0.00 0.00 3.00
51.00 70.00 90.00 129.00 145.00 122.00 140.00 109.00 132.00 156.00 140.00 139.00 136.00 88.00 99.00 58.00 28.00 10.00 9.00 3.00 1.00 0.00 5.00 25.00 45.00 44.00 104.00 111.00 144.00 126.00 127.00 109.00 140.00 171.00 138.00 143.00 137.00 106.00 72.00 44.00 29.00 11.00 9.00 3.00 0.00 0.00 3.00 24.00
70.00 90.00 129.00 145.00 122.00 140.00 109.00 132.00 156.00 140.00 139.00 136.00 88.00 99.00 58.00 28.00 10.00 9.00 3.00 1.00 0.00 5.00 25.00 45.00 44.00 104.00 111.00 144.00 126.00 127.00 109.00 140.00 171.00 138.00 143.00 137.00 106.00 72.00 44.00 29.00 11.00 9.00 3.00 0.00 0.00 3.00 24.00 47.00
90.00 129.00 145.00 122.00 140.00 109.00 132.00 156.00 140.00 139.00 136.00 88.00 99.00 58.00 28.00 10.00 9.00 3.00 1.00 0.00 5.00 25.00 45.00 44.00 104.00 111.00 144.00 126.00 127.00 109.00 140.00 171.00 138.00 143.00 137.00 106.00 72.00 44.00 29.00 11.00 9.00 3.00 0.00 0.00 3.00 24.00 47.00 72.00
129.00 145.00 122.00 140.00 109.00 132.00 156.00 140.00 139.00 136.00 88.00 99.00 58.00 28.00 10.00 9.00 3.00 1.00 0.00 5.00 25.00 45.00 44.00 104.00 111.00 144.00 126.00 127.00 109.00 140.00 171.00 138.00 143.00 137.00 106.00 72.00 44.00 29.00 11.00 9.00 3.00 0.00 0.00 3.00 24.00 47.00 72.00 106.00
145.00 122.00 140.00 109.00 132.00 156.00 140.00 139.00 136.00 88.00 99.00 58.00 28.00 10.00 9.00 3.00 1.00 0.00 5.00 25.00 45.00 44.00 104.00 111.00 144.00 126.00 127.00 109.00 140.00 171.00 138.00 143.00 137.00 106.00 72.00 44.00 29.00 11.00 9.00 3.00 0.00 0.00 3.00 24.00 47.00 72.00 106.00 107.00
122.00 140.00 109.00 132.00 156.00 140.00 139.00 136.00 88.00 99.00 58.00 28.00 10.00 9.00 3.00 1.00 0.00 5.00 25.00 45.00 44.00 104.00 111.00 144.00 126.00 127.00 109.00 140.00 171.00 138.00 143.00 137.00 106.00 72.00 44.00 29.00 11.00 9.00 3.00 0.00 0.00 3.00 24.00 47.00 72.00 106.00 107.00 125.00
140.00 109.00 132.00 156.00 140.00 139.00 136.00 88.00 99.00 58.00 28.00 10.00 9.00 3.00 1.00 0.00 5.00 25.00 45.00 44.00 104.00 111.00 144.00 126.00 127.00 109.00 140.00 171.00 138.00 143.00 137.00 106.00 72.00 44.00 29.00 11.00 9.00 3.00 0.00 0.00 3.00 24.00 47.00 72.00 106.00 107.00 125.00 117.00
109.00 132.00 156.00 140.00 139.00 136.00 88.00 99.00 58.00 28.00 10.00 9.00 3.00 1.00 0.00 5.00 25.00 45.00 44.00 104.00 111.00 144.00 126.00 127.00 109.00 140.00 171.00 138.00 143.00 137.00 106.00 72.00 44.00 29.00 11.00 9.00 3.00 0.00 0.00 3.00 24.00 47.00 72.00 106.00 107.00 125.00 117.00 120.00
132.00 156.00 140.00 139.00 136.00 88.00 99.00 58.00 28.00 10.00 9.00 3.00 1.00 0.00 5.00 25.00 45.00 44.00 104.00 111.00 144.00 126.00 127.00 109.00 140.00 171.00 138.00 143.00 137.00 106.00 72.00 44.00 29.00 11.00 9.00 3.00 0.00 0.00 3.00 24.00 47.00 72.00 106.00 107.00 125.00 117.00 120.00 121.00
156.00 140.00 139.00 136.00 88.00 99.00 58.00 28.00 10.00 9.00 3.00 1.00 0.00 5.00 25.00 45.00 44.00 104.00 111.00 144.00 126.00 127.00 109.00 140.00 171.00 138.00 143.00 137.00 106.00 72.00 44.00 29.00 11.00 9.00 3.00 0.00 0.00 3.00 24.00 47.00 72.00 106.00 107.00 125.00 117.00 120.00 121.00 147.00
140.00 139.00 136.00 88.00 99.00 58.00 28.00 10.00 9.00 3.00 1.00 0.00 5.00 25.00 45.00 44.00 104.00 111.00 144.00 126.00 127.00 109.00 140.00 171.00 138.00 143.00 137.00 106.00 72.00 44.00 29.00 11.00 9.00 3.00 0.00 0.00 3.00 24.00 47.00 72.00 106.00 107.00 125.00 117.00 120.00 121.00 147.00 183.00
139.00 136.00 88.00 99.00 58.00 28.00 10.00 9.00 3.00 1.00 0.00 5.00 25.00 45.00 44.00 104.00 111.00 144.00 126.00 127.00 109.00 140.00 171.00 138.00 143.00 137.00 106.00 72.00 44.00 29.00 11.00 9.00 3.00 0.00 0.00 3.00 24.00 47.00 72.00 106.00 107.00 125.00 117.00 120.00 121.00 147.00 183.00 167.00
136.00 88.00 99.00 58.00 28.00 10.00 9.00 3.00 1.00 0.00 5.00 25.00 45.00 44.00 104.00 111.00 144.00 126.00 127.00 109.00 140.00 171.00 138.00 143.00 137.00 106.00 72.00 44.00 29.00 11.00 9.00 3.00 0.00 0.00 3.00 24.00 47.00 72.00 106.00 107.00 125.00 117.00 120.00 121.00 147.00 183.00 167.00 177.00
88.00 99.00 58.00 28.00 10.00 9.00 3.00 1.00 0.00 5.00 25.00 45.00 44.00 104.00 111.00 144.00 126.00 127.00 109.00 140.00 171.00 138.00 143.00 137.00 106.00 72.00 44.00 29.00 11.00 9.00 3.00 0.00 0.00 3.00 24.00 47.00 72.00 106.00 107.00 125.00 117.00 120.00 121.00 147.00 183.00 167.00 177.00 132.00
99.00 58.00 28.00 10.00 9.00 3.00 1.00 0.00 5.00 25.00 45.00 44.00 104.00 111.00 144.00 126.00 127.00 109.00 140.00 171.00 138.00 143.00 137.00 106.00 72.00 44.00 29.00 11.00 9.00 3.00 0.00 0.00 3.00 24.00 47.00 72.00 106.00 107.00 125.00 117.00 120.00 121.00 147.00 183.00 167.00 177.00 132.00 80.00
58.00 28.00 10.00 9.00 3.00 1.00 0.00 5.00 25.00 45.00 44.00 104.00 111.00 144.00 126.00 127.00 109.00 140.00 171.00 138.00 143.00 137.00 106.00 72.00 44.00 29.00 11.00 9.00 3.00 0.00 0.00 3.00 24.00 47.00 72.00 106.00 107.00 125.00 117.00 120.00 121.00 147.00 183.00 167.00 177.00 132.00 80.00 72.00
28.00 10.00 9.00 3.00 1.00 0.00 5.00 25.00 45.00 44.00 104.00 111.00 144.00 126.00 127.00 109.00 140.00 171.00 138.00 143.00 137.00 106.00 72.00 44.00 29.00 11.00 9.00 3.00 0.00 0.00 3.00 24.00 47.00 72.00 106.00 107.00 125.00 117.00 120.00 121.00 147.00 183.00 167.00 177.00 132.00 80.00 72.00 53.00
10.00 9.00 3.00 1.00 0.00 5.00 25.00 45.00 44.00 104.00 111.00 144.00 126.00 127.00 109.00 140.00 171.00 138.00 143.00 137.00 106.00 72.00 44.00 29.00 11.00 9.00 3.00 0.00 0.00 3.00 24.00 47.00 72.00 106.00 107.00 125.00 117.00 120.00 121.00 147.00 183.00 167.00 177.00 132.00 80.00 72.00 53.00 35.00
9.00 3.00 1.00 0.00 5.00 25.00 45.00 44.00 104.00 111.00 144.00 126.00 127.00 109.00 140.00 171.00 138.00 143.00 137.00 106.00 72.00 44.00 29.00 11.00 9.00 3.00 0.00 0.00 3.00 24.00 47.00 72.00 106.00 107.00 125.00 117.00 120.00 121.00 147.00 183.00 167.00 177.00 132.00 80.00 72.00 53.00 35.00 16.00
3.00 1.00 0.00 5.00 25.00 45.00 44.00 104.00 111.00 144.00 126.00 127.00 109.00 140.00 171.00 138.00 143.00 137.00 106.00 72.00 44.00 29.00 11.00 9.00 3.00 0.00 0.00 3.00 24.00 47.00 72.00 106.00 107.00 125.00 117.00 120.00 121.00 147.00 183.00 167.00 177.00 132.00 80.00 72.00 53.00 35.00 16.00 1.00
1.00 0.00 5.00 25.00 45.00 44.00 104.00 111.00 144.00 126.00 127.00 109.00 140.00 171.00 138.00 143.00 137.00 106.00 72.00 44.00 29.00 11.00 9.00 3.00 0.00 0.00 3.00 24.00 47.00 72.00 106.00 107.00 125.00 117.00 120.00 121.00 147.00 183.00 167.00 177.00 132.00 80.00 72.00 53.00 35.00 16.00 1.00 3.00
0.00 5.00 25.00 45.00 44.00 104.00 111.00 144.00 126.00 127.00 109.00 140.00 171.00 138.00 143.00 137.00 106.00 72.00 44.00 29.00 11.00 9.00 3.00 0.00 0.00 3.00 24.00 47.00 72.00 106.00 107.00 125.00 117.00 120.00 121.00 147.00 183.00 167.00 177.00 132.00 80.00 72.00 53.00 35.00 16.00 1.00 3.00 2.00
5.00 25.00 45.00 44.00 104.00 111.00 144.00 126.00 127.00 109.00 140.00 171.00 138.00 143.00 137.00 106.00 72.00 44.00 29.00 11.00 9.00 3.00 0.00 0.00 3.00 24.00 47.00 72.00 106.00 107.00 125.00 117.00 120.00 121.00 147.00 183.00 167.00 177.00 132.00 80.00 72.00 53.00 35.00 16.00 1.00 3.00 2.00 3.00
25.00 45.00 44.00 104.00 111.00 144.00 126.00 127.00 109.00 140.00 171.00 138.00 143.00 137.00 106.00 72.00 44.00 29.00 11.00 9.00 3.00 0.00 0.00 3.00 24.00 47.00 72.00 106.00 107.00 125.00 117.00 120.00 121.00 147.00 183.00 167.00 177.00 132.00 80.00 72.00 53.00 35.00 16.00 1.00 3.00 2.00 3.00 1.00
45.00 44.00 104.00 111.00 144.00 126.00 127.00 109.00 140.00 171.00 138.00 143.00 137.00 106.00 72.00 44.00 29.00 11.00 9.00 3.00 0.00 0.00 3.00 24.00 47.00 72.00 106.00 107.00 125.00 117.00 120.00 121.00 147.00 183.00 167.00 177.00 132.00 80.00 72.00 53.00 35.00 16.00 1.00 3.00 2.00 3.00 1.00 16.00
44.00 104.00 111.00 144.00 126.00 127.00 109.00 140.00 171.00 138.00 143.00 137.00 106.00 72.00 44.00 29.00 11.00 9.00 3.00 0.00 0.00 3.00 24.00 47.00 72.00 106.00 107.00 125.00 117.00 120.00 121.00 147.00 183.00 167.00 177.00 132.00 80.00 72.00 53.00 35.00 16.00 1.00 3.00 2.00 3.00 1.00 16.00 41.00
104.00 111.00 144.00 126.00 127.00 109.00 140.00 171.00 138.00 143.00 137.00 106.00 72.00 44.00 29.00 11.00 9.00 3.00 0.00 0.00 3.00 24.00 47.00 72.00 106.00 107.00 125.00 117.00 120.00 121.00 147.00 183.00 167.00 177.00 132.00 80.00 72.00 53.00 35.00 16.00 1.00 3.00 2.00 3.00 1.00 16.00 41.00 60.00
111.00 144.00 126.00 127.00 109.00 140.00 171.00 138.00 143.00 137.00 106.00 72.00 44.00 29.00 11.00 9.00 3.00 0.00 0.00 3.00 24.00 47.00 72.00 106.00 107.00 125.00 117.00 120.00 121.00 147.00 183.00 167.00 177.00 132.00 80.00 72.00 53.00 35.00 16.00 1.00 3.00 2.00 3.00 1.00 16.00 41.00 60.00 83.00
144.00 126.00 127.00 109.00 140.00 171.00 138.00 143.00 137.00 106.00 72.00 44.00 29.00 11.00 9.00 3.00 0.00 0.00 3.00 24.00 47.00 72.00 106.00 107.00 125.00 117.00 120.00 121.00 147.00 183.00 167.00 177.00 132.00 80.00 72.00 53.00 35.00 16.00 1.00 3.00 2.00 3.00 1.00 16.00 41.00 60.00 83.00 112.00
126.00 127.00 109.00 140.00 171.00 138.00 143.00 137.00 106.00 72.00 44.00 29.00 11.00 9.00 3.00 0.00 0.00 3.00 24.00 47.00 72.00 106.00 107.00 125.00 117.00 120.00 121.00 147.00 183.00 167.00 177.00 132.00 80.00 72.00 53.00 35.00 16.00 1.00 3.00 2.00 3.00 1.00 16.00 41.00 60.00 83.00 112.00 124.00
127.00 109.00 140.00 171.00 138.00 143.00 137.00 106.00 72.00 44.00 29.00 11.00 9.00 3.00 0.00 0.00 3.00 24.00 47.00 72.00 106.00 107.00 125.00 117.00 120.00 121.00 147.00 183.00 167.00 177.00 132.00 80.00 72.00 53.00 35.00 16.00 1.00 3.00 2.00 3.00 1.00 16.00 41.00 60.00 83.00 112.00 124.00 143.00
109.00 140.00 171.00 138.00 143.00 137.00 106.00 72.00 44.00 29.00 11.00 9.00 3.00 0.00 0.00 3.00 24.00 47.00 72.00 106.00 107.00 125.00 117.00 120.00 121.00 147.00 183.00 167.00 177.00 132.00 80.00 72.00 53.00 35.00 16.00 1.00 3.00 2.00 3.00 1.00 16.00 41.00 60.00 83.00 112.00 124.00 143.00 128.00
140.00 171.00 138.00 143.00 137.00 106.00 72.00 44.00 29.00 11.00 9.00 3.00 0.00 0.00 3.00 24.00 47.00 72.00 106.00 107.00 125.00 117.00 120.00 121.00 147.00 183.00 167.00 177.00 132.00 80.00 72.00 53.00 35.00 16.00 1.00 3.00 2.00 3.00 1.00 16.00 41.00 60.00 83.00 112.00 124.00 143.00 128.00 117.00
171.00 138.00 143.00 137.00 106.00 72.00 44.00 29.00 11.00 9.00 3.00 0.00 0.00 3.00 24.00 47.00 72.00 106.00 107.00 125.00 117.00 120.00 121.00 147.00 183.00 167.00 177.00 132.00 80.00 72.00 53.00 35.00 16.00 1.00 3.00 2.00 3.00 1.00 16.00 41.00 60.00 83.00 112.00 124.00 143.00 128.00 117.00 155.00
138.00 143.00 137.00 106.00 72.00 44.00 29.00 11.00 9.00 3.00 0.00 0.00 3.00 24.00 47.00 72.00 106.00 107.00 125.00 117.00 120.00 121.00 147.00 183.00 167.00 177.00 132.00 80.00 72.00 53.00 35.00 16.00 1.00 3.00 2.00 3.00 1.00 16.00 41.00 60.00 83.00 112.00 124.00 143.00 128.00 117.00 155.00 199.00
143.00 137.00 106.00 72.00 44.00 29.00 11.00 9.00 3.00 0.00 0.00 3.00 24.00 47.00 72.00 106.00 107.00 125.00 117.00 120.00 121.00 147.00 183.00 167.00 177.00 132.00 80.00 72.00 53.00 35.00 16.00 1.00 3.00 2.00 3.00 1.00 16.00 41.00 60.00 83.00 112.00 124.00 143.00 128.00 117.00 155.00 199.00 143.00
137.00 106.00 72.00 44.00 29.00 11.00 9.00 3.00 0.00 0.00 3.00 24.00 47.00 72.00 106.00 107.00 125.00 117.00 120.00 121.00 147.00 183.00 167.00 177.00 132.00 80.00 72.00 53.00 35.00 16.00 1.00 3.00 2.00 3.00 1.00 16.00 41.00 60.00 83.00 112.00 124.00 143.00 128.00 117.00 155.00 199.00 143.00 151.00
106.00 72.00 44.00 29.00 11.00 9.00 3.00 0.00 0.00 3.00 24.00 47.00 72.00 106.00 107.00 125.00 117.00 120.00 121.00 147.00 183.00 167.00 177.00 132.00 80.00 72.00 53.00 35.00 16.00 1.00 3.00 2.00 3.00 1.00 16.00 41.00 60.00 83.00 112.00 124.00 143.00 128.00 117.00 155.00 199.00 143.00 151.00 131.00
72.00 44.00 29.00 11.00 9.00 3.00 0.00 0.00 3.00 24.00 47.00 72.00 106.00 107.00 125.00 117.00 120.00 121.00 147.00 183.00 167.00 177.00 132.00 80.00 72.00 53.00 35.00 16.00 1.00 3.00 2.00 3.00 1.00 16.00 41.00 60.00 83.00 112.00 124.00 143.00 128.00 117.00 155.00 199.00 143.00 151.00 131.00 100.00
44.00 29.00 11.00 9.00 3.00 0.00 0.00 3.00 24.00 47.00 72.00 106.00 107.00 125.00 117.00 120.00 121.00 147.00 183.00 167.00 177.00 132.00 80.00 72.00 53.00 35.00 16.00 1.00 3.00 2.00 3.00 1.00 16.00 41.00 60.00 83.00 112.00 124.00 143.00 128.00 117.00 155.00 199.00 143.00 151.00 131.00 100.00 79.00
29.00 11.00 9.00 3.00 0.00 0.00 3.00 24.00 47.00 72.00 106.00 107.00 125.00 117.00 120.00 121.00 147.00 183.00 167.00 177.00 132.00 80.00 72.00 53.00 35.00 16.00 1.00 3.00 2.00 3.00 1.00 16.00 41.00 60.00 83.00 112.00 124.00 143.00 128.00 117.00 155.00 199.00 143.00 151.00 131.00 100.00 79.00 54.00
11.00 9.00 3.00 0.00 0.00 3.00 24.00 47.00 72.00 106.00 107.00 125.00 117.00 120.00 121.00 147.00 183.00 167.00 177.00 132.00 80.00 72.00 53.00 35.00 16.00 1.00 3.00 2.00 3.00 1.00 16.00 41.00 60.00 83.00 112.00 124.00 143.00 128.00 117.00 155.00 199.00 143.00 151.00 131.00 100.00 79.00 54.00 40.00
9.00 3.00 0.00 0.00 3.00 24.00 47.00 72.00 106.00 107.00 125.00 117.00 120.00 121.00 147.00 183.00 167.00 177.00 132.00 80.00 72.00 53.00 35.00 16.00 1.00 3.00 2.00 3.00 1.00 16.00 41.00 60.00 83.00 112.00 124.00 143.00 128.00 117.00 155.00 199.00 143.00 151.00 131.00 100.00 79.00 54.00 40.00 20.00
3.00 0.00 0.00 3.00 24.00 47.00 72.00 106.00 107.00 125.00 117.00 120.00 121.00 147.00 183.00 167.00 177.00 132.00 80.00 72.00 53.00 35.00 16.00 1.00 3.00 2.00 3.00 1.00 16.00 41.00 60.00 83.00 112.00 124.00 143.00 128.00 117.00 155.00 199.00 143.00 151.00 131.00 100.00 79.00 54.00 40.00 20.00 12.00
0.00 0.00 3.00 24.00 47.00 72.00 106.00 107.00 125.00 117.00 120.00 121.00 147.00 183.00 167.00 177.00 132.00 80.00 72.00 53.00 35.00 16.00 1.00 3.00 2.00 3.00 1.00 16.00 41.00 60.00 83.00 112.00 124.00 143.00 128.00 117.00 155.00 199.00 143.00 151.00 131.00 100.00 79.00 54.00 40.00 20.00 12.00 4.00
0.00 3.00 24.00 47.00 72.00 106.00 107.00 125.00 117.00 120.00 121.00 147.00 183.00 167.00 177.00 132.00 80.00 72.00 53.00 35.00 16.00 1.00 3.00 2.00 3.00 1.00 16.00 41.00 60.00 83.00 112.00 124.00 143.00 128.00 117.00 155.00 199.00 143.00 151.00 131.00 100.00 79.00 54.00 40.00 20.00 12.00 4.00 3.00
3.00 24.00 47.00 72.00 106.00 107.00 125.00 117.00 120.00 121.00 147.00 183.00 167.00 177.00 132.00 80.00 72.00 53.00 35.00 16.00 1.00 3.00 2.00 3.00 1.00 16.00 41.00 60.00 83.00 112.00 124.00 143.00 128.00 117.00 155.00 199.00 143.00 151.00 131.00 100.00 79.00 54.00 40.00 20.00 12.00 4.00 3.00 0.00
24.00 47.00 72.00 106.00 107.00 125.00 117.00 120.00 121.00 147.00 183.00 167.00 177.00 132.00 80.00 72.00 53.00 35.00 16.00 1.00 3.00 2.00 3.00 1.00 16.00 41.00 60.00 83.00 112.00 124.00 143.00 128.00 117.00 155.00 199.00 143.00 151.00 131.00 100.00 79.00 54.00 40.00 20.00 12.00 4.00 3.00 0.00 2.00
47.00 72.00 106.00 107.00 125.00 117.00 120.00 121.00 147.00 183.00 167.00 177.00 132.00 80.00 72.00 53.00 35.00 16.00 1.00 3.00 2.00 3.00 1.00 16.00 41.00 60.00 83.00 112.00 124.00 143.00 128.00 117.00 155.00 199.00 143.00 151.00 131.00 100.00 79.00 54.00 40.00 20.00 12.00 4.00 3.00 0.00 2.00 13.00
72.00 106.00 107.00 125.00 117.00 120.00 121.00 147.00 183.00 167.00 177.00 132.00 80.00 72.00 53.00 35.00 16.00 1.00 3.00 2.00 3.00 1.00 16.00 41.00 60.00 83.00 112.00 124.00 143.00 128.00 117.00 155.00 199.00 143.00 151.00 131.00 100.00 79.00 54.00 40.00 20.00 12.00 4.00 3.00 0.00 2.00 13.00 24.00
106.00 107.00 125.00 117.00 120.00 121.00 147.00 183.00 167.00 177.00 132.00 80.00 72.00 53.00 35.00 16.00 1.00 3.00 2.00 3.00 1.00 16.00 41.00 60.00 83.00 112.00 124.00 143.00 128.00 117.00 155.00 199.00 143.00 151.00 131.00 100.00 79.00 54.00 40.00 20.00 12.00 4.00 3.00 0.00 2.00 13.00 24.00 46.00
107.00 125.00 117.00 120.00 121.00 147.00 183.00 167.00 177.00 132.00 80.00 72.00 53.00 35.00 16.00 1.00 3.00 2.00 3.00 1.00 16.00 41.00 60.00 83.00 112.00 124.00 143.00 128.00 117.00 155.00 199.00 143.00 151.00 131.00 100.00 79.00 54.00 40.00 20.00 12.00 4.00 3.00 0.00 2.00 13.00 24.00 46.00 98.00
125.00 117.00 120.00 121.00 147.00 183.00 167.00 177.00 132.00 80.00 72.00 53.00 35.00 16.00 1.00 3.00 2.00 3.00 1.00 16.00 41.00 60.00 83.00 112.00 124.00 143.00 128.00 117.00 155.00 199.00 143.00 151.00 131.00 100.00 79.00 54.00 40.00 20.00 12.00 4.00 3.00 0.00 2.00 13.00 24.00 46.00 98.00 141.00
117.00 120.00 121.00 147.00 183.00 167.00 177.00 132.00 80.00 72.00 53.00 35.00 16.00 1.00 3.00 2.00 3.00 1.00 16.00 41.00 60.00 83.00 112.00 124.00 143.00 128.00 117.00 155.00 199.00 143.00 151.00 131.00 100.00 79.00 54.00 40.00 20.00 12.00 4.00 3.00 0.00 2.00 13.00 24.00 46.00 98.00 141.00 181.00
120.00 121.00 147.00 183.00 167.00 177.00 132.00 80.00 72.00 53.00 35.00 16.00 1.00 3.00 2.00 3.00 1.00 16.00 41.00 60.00 83.00 112.00 124.00 143.00 128.00 117.00 155.00 199.00 143.00 151.00 131.00 100.00 79.00 54.00 40.00 20.00 12.00 4.00 3.00 0.00 2.00 13.00 24.00 46.00 98.00 141.00 181.00 150.00
121.00 147.00 183.00 167.00 177.00 132.00 80.00 72.00 53.00 35.00 16.00 1.00 3.00 2.00 3.00 1.00 16.00 41.00 60.00 83.00 112.00 124.00 143.00 128.00 117.00 155.00 199.00 143.00 151.00 131.00 100.00 79.00 54.00 40.00 20.00 12.00 4.00 3.00 0.00 2.00 13.00 24.00 46.00 98.00 141.00 181.00 150.00 178.00
147.00 183.00 167.00 177.00 132.00 80.00 72.00 53.00 35.00 16.00 1.00 3.00 2.00 3.00 1.00 16.00 41.00 60.00 83.00 112.00 124.00 143.00 128.00 117.00 155.00 199.00 143.00 151.00 131.00 100.00 79.00 54.00 40.00 20.00 12.00 4.00 3.00 0.00 2.00 13.00 24.00 46.00 98.00 141.00 181.00 150.00 178.00 119.00
183.00 167.00 177.00 132.00 80.00 72.00 53.00 35.00 16.00 1.00 3.00 2.00 3.00 1.00 16.00 41.00 60.00 83.00 112.00 124.00 143.00 128.00 117.00 155.00 199.00 143.00 151.00 131.00 100.00 79.00 54.00 40.00 20.00 12.00 4.00 3.00 0.00 2.00 13.00 24.00 46.00 98.00 141.00 181.00 150.00 178.00 119.00 130.00
167.00 177.00 132.00 80.00 72.00 53.00 35.00 16.00 1.00 3.00 2.00 3.00 1.00 16.00 41.00 60.00 83.00 112.00 124.00 143.00 128.00 117.00 155.00 199.00 143.00 151.00 131.00 100.00 79.00 54.00 40.00 20.00 12.00 4.00 3.00 0.00 2.00 13.00 24.00 46.00 98.00 141.00 181.00 150.00 178.00 119.00 130.00 100.00
177.00 132.00 80.00 72.00 53.00 35.00 16.00 1.00 3.00 2.00 3.00 1.00 16.00 41.00 60.00 83.00 112.00 124.00 143.00 128.00 117.00 155.00 199.00 143.00 151.00 131.00 100.00 79.00 54.00 40.00 20.00 12.00 4.00 3.00 0.00 2.00 13.00 24.00 46.00 98.00 141.00 181.00 150.00 178.00 119.00 130.00 100.00 150.00
132.00 80.00 72.00 53.00 35.00 16.00 1.00 3.00 2.00 3.00 1.00 16.00 41.00 60.00 83.00 112.00 124.00 143.00 128.00 117.00 155.00 199.00 143.00 151.00 131.00 100.00 79.00 54.00 40.00 20.00 12.00 4.00 3.00 0.00 2.00 13.00 24.00 46.00 98.00 141.00 181.00 150.00 178.00 119.00 130.00 100.00 150.00 151.00
80.00 72.00 53.00 35.00 16.00 1.00 3.00 2.00 3.00 1.00 16.00 41.00 60.00 83.00 112.00 124.00 143.00 128.00 117.00 155.00 199.00 143.00 151.00 131.00 100.00 79.00 54.00 40.00 20.00 12.00 4.00 3.00 0.00 2.00 13.00 24.00 46.00 98.00 141.00 181.00 150.00 178.00 119.00 130.00 100.00 150.00 151.00 159.00
72.00 53.00 35.00 16.00 1.00 3.00 2.00 3.00 1.00 16.00 41.00 60.00 83.00 112.00 124.00 143.00 128.00 117.00 155.00 199.00 143.00 151.00 131.00 100.00 79.00 54.00 40.00 20.00 12.00 4.00 3.00 0.00 2.00 13.00 24.00 46.00 98.00 141.00 181.00 150.00 178.00 119.00 130.00 100.00 150.00 151.00 159.00 163.00
53.00 35.00 16.00 1.00 3.00 2.00 3.00 1.00 16.00 41.00 60.00 83.00 112.00 124.00 143.00 128.00 117.00 155.00 199.00 143.00 151.00 131.00 100.00 79.00 54.00 40.00 20.00 12.00 4.00 3.00 0.00 2.00 13.00 24.00 46.00 98.00 141.00 181.00 150.00 178.00 119.00 130.00 100.00 150.00 151.00 159.00 163.00 126.00
35.00 16.00 1.00 3.00 2.00 3.00 1.00 16.00 41.00 60.00 83.00 112.00 124.00 143.00 128.00 117.00 155.00 199.00 143.00 151.00 131.00 100.00 79.00 54.00 40.00 20.00 12.00 4.00 3.00 0.00 2.00 13.00 24.00 46.00 98.00 141.00 181.00 150.00 178.00 119.00 130.00 100.00 150.00 151.00 159.00 163.00 126.00 77.00
16.00 1.00 3.00 2.00 3.00 1.00 16.00 41.00 60.00 83.00 112.00 124.00 143.00 128.00 117.00 155.00 199.00 143.00 151.00 131.00 100.00 79.00 54.00 40.00 20.00 12.00 4.00 3.00 0.00 2.00 13.00 24.00 46.00 98.00 141.00 181.00 150.00 178.00 119.00 130.00 100.00 150.00 151.00 159.00 163.00 126.00 77.00 32.00
1.00 3.00 2.00 3.00 1.00 16.00 41.00 60.00 83.00 112.00 124.00 143.00 128.00 117.00 155.00 199.00 143.00 151.00 131.00 100.00 79.00 54.00 40.00 20.00 12.00 4.00 3.00 0.00 2.00 13.00 24.00 46.00 98.00 141.00 181.00 150.00 178.00 119.00 130.00 100.00 150.00 151.00 159.00 163.00 126.00 77.00 32.00 26.00
3.00 2.00 3.00 1.00 16.00 41.00 60.00 83.00 112.00 124.00 143.00 128.00 117.00 155.00 199.00 143.00 151.00 131.00 100.00 79.00 54.00 40.00 20.00 12.00 4.00 3.00 0.00 2.00 13.00 24.00 46.00 98.00 141.00 181.00 150.00 178.00 119.00 130.00 100.00 150.00 151.00 159.00 163.00 126.00 77.00 32.00 26.00 21.00
2.00 3.00 1.00 16.00 41.00 60.00 83.00 112.00 124.00 143.00 128.00 117.00 155.00 199.00 143.00 151.00 131.00 100.00 79.00 54.00 40.00 20.00 12.00 4.00 3.00 0.00 2.00 13.00 24.00 46.00 98.00 141.00 181.00 150.00 178.00 119.00 130.00 100.00 150.00 151.00 159.00 163.00 126.00 77.00 32.00 26.00 21.00 3.00
3.00 1.00 16.00 41.00 60.00 83.00 112.00 124.00 143.00 128.00 117.00 155.00 199.00 143.00 151.00 131.00 100.00 79.00 54.00 40.00 20.00 12.00 4.00 3.00 0.00 2.00 13.00 24.00 46.00 98.00 141.00 181.00 150.00 178.00 119.00 130.00 100.00 150.00 151.00 159.00 163.00 126.00 77.00 32.00 26.00 21.00 3.00 3.00
1.00 16.00 41.00 60.00 83.00 112.00 124.00 143.00 128.00 117.00 155.00 199.00 143.00 151.00 131.00 100.00 79.00 54.00 40.00 20.00 12.00 4.00 3.00 0.00 2.00 13.00 24.00 46.00 98.00 141.00 181.00 150.00 178.00 119.00 130.00 100.00 150.00 151.00 159.00 163.00 126.00 77.00 32.00 26.00 21.00 3.00 3.00 2.00
16.00 41.00 60.00 83.00 112.00 124.00 143.00 128.00 117.00 155.00 199.00 143.00 151.00 131.00 100.00 79.00 54.00 40.00 20.00 12.00 4.00 3.00 0.00 2.00 13.00 24.00 46.00 98.00 141.00 181.00 150.00 178.00 119.00 130.00 100.00 150.00 151.00 159.00 163.00 126.00 77.00 32.00 26.00 21.00 3.00 3.00 2.00 0.00
41.00 60.00 83.00 112.00 124.00 143.00 128.00 117.00 155.00 199.00 143.00 151.00 131.00 100.00 79.00 54.00 40.00 20.00 12.00 4.00 3.00 0.00 2.00 13.00 24.00 46.00 98.00 141.00 181.00 150.00 178.00 119.00 130.00 100.00 150.00 151.00 159.00 163.00 126.00 77.00 32.00 26.00 21.00 3.00 3.00 2.00 0.00 5.00
60.00 83.00 112.00 124.00 143.00 128.00 117.00 155.00 199.00 143.00 151.00 131.00 100.00 79.00 54.00 40.00 20.00 12.00 4.00 3.00 0.00 2.00 13.00 24.00 46.00 98.00 141.00 181.00 150.00 178.00 119.00 130.00 100.00 150.00 151.00 159.00 163.00 126.00 77.00 32.00 26.00 21.00 3.00 3.00 2.00 0.00 5.00 29.00
83.00 112.00 124.00 143.00 128.00 117.00 155.00 199.00 143.00 151.00 131.00 100.00 79.00 54.00 40.00 20.00 12.00 4.00 3.00 0.00 2.00 13.00 24.00 46.00 98.00 141.00 181.00 150.00 178.00 119.00 130.00 100.00 150.00 151.00 159.00 163.00 126.00 77.00 32.00 26.00 21.00 3.00 3.00 2.00 0.00 5.00 29.00 30.00
112.00 124.00 143.00 128.00 117.00 155.00 199.00 143.00 151.00 131.00 100.00 79.00 54.00 40.00 20.00 12.00 4.00 3.00 0.00 2.00 13.00 24.00 46.00 98.00 141.00 181.00 150.00 178.00 119.00 130.00 100.00 150.00 151.00 159.00 163.00 126.00 77.00 32.00 26.00 21.00 3.00 3.00 2.00 0.00 5.00 29.00 30.00 51.00
124.00 143.00 128.00 117.00 155.00 199.00 143.00 151.00 131.00 100.00 79.00 54.00 40.00 20.00 12.00 4.00 3.00 0.00 2.00 13.00 24.00 46.00 98.00 141.00 181.00 150.00 178.00 119.00 130.00 100.00 150.00 151.00 159.00 163.00 126.00 77.00 32.00 26.00 21.00 3.00 3.00 2.00 0.00 5.00 29.00 30.00 51.00 74.00
143.00 128.00 117.00 155.00 199.00 143.00 151.00 131.00 100.00 79.00 54.00 40.00 20.00 12.00 4.00 3.00 0.00 2.00 13.00 24.00 46.00 98.00 141.00 181.00 150.00 178.00 119.00 130.00 100.00 150.00 151.00 159.00 163.00 126.00 77.00 32.00 26.00 21.00 3.00 3.00 2.00 0.00 5.00 29.00 30.00 51.00 74.00 101.00
128.00 117.00 155.00 199.00 143.00 151.00 131.00 100.00 79.00 54.00 40.00 20.00 12.00 4.00 3.00 0.00 2.00 13.00 24.00 46.00 98.00 141.00 181.00 150.00 178.00 119.00 130.00 100.00 150.00 151.00 159.00 163.00 126.00 77.00 32.00 26.00 21.00 3.00 3.00 2.00 0.00 5.00 29.00 30.00 51.00 74.00 101.00 120.00
117.00 155.00 199.00 143.00 151.00 131.00 100.00 79.00 54.00 40.00 20.00 12.00 4.00 3.00 0.00 2.00 13.00 24.00 46.00 98.00 141.00 181.00 150.00 178.00 119.00 130.00 100.00 150.00 151.00 159.00 163.00 126.00 77.00 32.00 26.00 21.00 3.00 3.00 2.00 0.00 5.00 29.00 30.00 51.00 74.00 101.00 120.00 111.00
155.00 199.00 143.00 151.00 131.00 100.00 79.00 54.00 40.00 20.00 12.00 4.00 3.00 0.00 2.00 13.00 24.00 46.00 98.00 141.00 181.00 150.00 178.00 119.00 130.00 100.00 150.00 151.00 159.00 163.00 126.00 77.00 32.00 26.00 21.00 3.00 3.00 2.00 0.00 5.00 29.00 30.00 51.00 74.00 101.00 120.00 111.00 124.00
199.00 143.00 151.00 131.00 100.00 79.00 54.00 40.00 20.00 12.00 4.00 3.00 0.00 2.00 13.00 24.00 46.00 98.00 141.00 181.00 150.00 178.00 119.00 130.00 100.00 150.00 151.00 159.00 163.00 126.00 77.00 32.00 26.00 21.00 3.00 3.00 2.00 0.00 5.00 29.00 30.00 51.00 74.00 101.00 120.00 111.00 124.00 143.00
143.00 151.00 131.00 100.00 79.00 54.00 40.00 20.00 12.00 4.00 3.00 0.00 2.00 13.00 24.00 46.00 98.00 141.00 181.00 150.00 178.00 119.00 130.00 100.00 150.00 151.00 159.00 163.00 126.00 77.00 32.00 26.00 21.00 3.00 3.00 2.00 0.00 5.00 29.00 30.00 51.00 74.00 101.00 120.00 111.00 124.00 143.00 127.00
151.00 131.00 100.00 79.00 54.00 40.00 20.00 12.00 4.00 3.00 0.00 2.00 13.00 24.00 46.00 98.00 141.00 181.00 150.00 178.00 119.00 130.00 100.00 150.00 151.00 159.00 163.00 126.00 77.00 32.00 26.00 21.00 3.00 3.00 2.00 0.00 5.00 29.00 30.00 51.00 74.00 101.00 120.00 111.00 124.00 143.00 127.00 168.00
131.00 100.00 79.00 54.00 40.00 20.00 12.00 4.00 3.00 0.00 2.00 13.00 24.00 46.00 98.00 141.00 181.00 150.00 178.00 119.00 130.00 100.00 150.00 151.00 159.00 163.00 126.00 77.00 32.00 26.00 21.00 3.00 3.00 2.00 0.00 5.00 29.00 30.00 51.00 74.00 101.00 120.00 111.00 124.00 143.00 127.00 168.00 169.00
100.00 79.00 54.00 40.00 20.00 12.00 4.00 3.00 0.00 2.00 13.00 24.00 46.00 98.00 141.00 181.00 150.00 178.00 119.00 130.00 100.00 150.00 151.00 159.00 163.00 126.00 77.00 32.00 26.00 21.00 3.00 3.00 2.00 0.00 5.00 29.00 30.00 51.00 74.00 101.00 120.00 111.00 124.00 143.00 127.00 168.00 169.00 175.00
79.00 54.00 40.00 20.00 12.00 4.00 3.00 0.00 2.00 13.00 24.00 46.00 98.00 141.00 181.00 150.00 178.00 119.00 130.00 100.00 150.00 151.00 159.00 163.00 126.00 77.00 32.00 26.00 21.00 3.00 3.00 2.00 0.00 5.00 29.00 30.00 51.00 74.00 101.00 120.00 111.00 124.00 143.00 127.00 168.00 169.00 175.00 181.00
54.00 40.00 20.00 12.00 4.00 3.00 0.00 2.00 13.00 24.00 46.00 98.00 141.00 181.00 150.00 178.00 119.00 130.00 100.00 150.00 151.00 159.00 163.00 126.00 77.00 32.00 26.00 21.00 3.00 3.00 2.00 0.00 5.00 29.00 30.00 51.00 74.00 101.00 120.00 111.00 124.00 143.00 127.00 168.00 169.00 175.00 181.00 132.00
40.00 20.00 12.00 4.00 3.00 0.00 2.00 13.00 24.00 46.00 98.00 141.00 181.00 150.00 178.00 119.00 130.00 100.00 150.00 151.00 159.00 163.00 126.00 77.00 32.00 26.00 21.00 3.00 3.00 2.00 0.00 5.00 29.00 30.00 51.00 74.00 101.00 120.00 111.00 124.00 143.00 127.00 168.00 169.00 175.00 181.00 132.00 59.00
20.00 12.00 4.00 3.00 0.00 2.00 13.00 24.00 46.00 98.00 141.00 181.00 150.00 178.00 119.00 130.00 100.00 150.00 151.00 159.00 163.00 126.00 77.00 32.00 26.00 21.00 3.00 3.00 2.00 0.00 5.00 29.00 30.00 51.00 74.00 101.00 120.00 111.00 124.00 143.00 127.00 168.00 169.00 175.00 181.00 132.00 59.00 38.00
12.00 4.00 3.00 0.00 2.00 13.00 24.00 46.00 98.00 141.00 181.00 150.00 178.00 119.00 130.00 100.00 150.00 151.00 159.00 163.00 126.00 77.00 32.00 26.00 21.00 3.00 3.00 2.00 0.00 5.00 29.00 30.00 51.00 74.00 101.00 120.00 111.00 124.00 143.00 127.00 168.00 169.00 175.00 181.00 132.00 59.00 38.00 14.00
4.00 3.00 0.00 2.00 13.00 24.00 46.00 98.00 141.00 181.00 150.00 178.00 119.00 130.00 100.00 150.00 151.00 159.00 163.00 126.00 77.00 32.00 26.00 21.00 3.00 3.00 2.00 0.00 5.00 29.00 30.00 51.00 74.00 101.00 120.00 111.00 124.00 143.00 127.00 168.00 169.00 175.00 181.00 132.00 59.00 38.00 14.00 7.00
3.00 0.00 2.00 13.00 24.00 46.00 98.00 141.00 181.00 150.00 178.00 119.00 130.00 100.00 150.00 151.00 159.00 163.00 126.00 77.00 32.00 26.00 21.00 3.00 3.00 2.00 0.00 5.00 29.00 30.00 51.00 74.00 101.00 120.00 111.00 124.00 143.00 127.00 168.00 169.00 175.00 181.00 132.00 59.00 38.00 14.00 7.00 2.00
0.00 2.00 13.00 24.00 46.00 98.00 141.00 181.00 150.00 178.00 119.00 130.00 100.00 150.00 151.00 159.00 163.00 126.00 77.00 32.00 26.00 21.00 3.00 3.00 2.00 0.00 5.00 29.00 30.00 51.00 74.00 101.00 120.00 111.00 124.00 143.00 127.00 168.00 169.00 175.00 181.00 132.00 59.00 38.00 14.00 7.00 2.00 7.00
2.00 13.00 24.00 46.00 98.00 141.00 181.00 150.00 178.00 119.00 130.00 100.00 150.00 151.00 159.00 163.00 126.00 77.00 32.00 26.00 21.00 3.00 3.00 2.00 0.00 5.00 29.00 30.00 51.00 74.00 101.00 120.00 111.00 124.00 143.00 127.00 168.00 169.00 175.00 181.00 132.00 59.00 38.00 14.00 7.00 2.00 7.00 4.00
13.00 24.00 46.00 98.00 141.00 181.00 150.00 178.00 119.00 130.00 100.00 150.00 151.00 159.00 163.00 126.00 77.00 32.00 26.00 21.00 3.00 3.00 2.00 0.00 5.00 29.00 30.00 51.00 74.00 101.00 120.00 111.00 124.00 143.00 127.00 168.00 169.00 175.00 181.00 132.00 59.00 38.00 14.00 7.00 2.00 7.00 4.00 9.00
24.00 46.00 98.00 141.00 181.00 150.00 178.00 119.00 130.00 100.00 150.00 151.00 159.00 163.00 126.00 77.00 32.00 26.00 21.00 3.00 3.00 2.00 0.00 5.00 29.00 30.00 51.00 74.00 101.00 120.00 111.00 124.00 143.00 127.00 168.00 169.00 175.00 181.00 132.00 59.00 38.00 14.00 7.00 2.00 7.00 4.00 9.00 19.00
46.00 98.00 141.00 181.00 150.00 178.00 119.00 130.00 100.00 150.00 151.00 159.00 163.00 126.00 77.00 32.00 26.00 21.00 3.00 3.00 2.00 0.00 5.00 29.00 30.00 51.00 74.00 101.00 120.00 111.00 124.00 143.00 127.00 168.00 169.00 175.00 181.00 132.00 59.00 38.00 14.00 7.00 2.00 7.00 4.00 9.00 19.00 48.00
98.00 141.00 181.00 150.00 178.00 119.00 130.00 100.00 150.00 151.00 159.00 163.00 126.00 77.00 32.00 26.00 21.00 3.00 3.00 2.00 0.00 5.00 29.00 30.00 51.00 74.00 101.00 120.00 111.00 124.00 143.00 127.00 168.00 169.00 175.00 181.00 132.00 59.00 38.00 14.00 7.00 2.00 7.00 4.00 9.00 19.00 48.00 57.00
141.00 181.00 150.00 178.00 119.00 130.00 100.00 150.00 151.00 159.00 163.00 126.00 77.00 32.00 26.00 21.00 3.00 3.00 2.00 0.00 5.00 29.00 30.00 51.00 74.00 101.00 120.00 111.00 124.00 143.00 127.00 168.00 169.00 175.00 181.00 132.00 59.00 38.00 14.00 7.00 2.00 7.00 4.00 9.00 19.00 48.00 57.00 100.00
181.00 150.00 178.00 119.00 130.00 100.00 150.00 151.00 159.00 163.00 126.00 77.00 32.00 26.00 21.00 3.00 3.00 2.00 0.00 5.00 29.00 30.00 51.00 74.00 101.00 120.00 111.00 124.00 143.00 127.00 168.00 169.00 175.00 181.00 132.00 59.00 38.00 14.00 7.00 2.00 7.00 4.00 9.00 19.00 48.00 57.00 100.00 105.00
150.00 178.00 119.00 130.00 100.00 150.00 151.00 159.00 163.00 126.00 77.00 32.00 26.00 21.00 3.00 3.00 2.00 0.00 5.00 29.00 30.00 51.00 74.00 101.00 120.00 111.00 124.00 143.00 127.00 168.00 169.00 175.00 181.00 132.00 59.00 38.00 14.00 7.00 2.00 7.00 4.00 9.00 19.00 48.00 57.00 100.00 105.00 137.00
178.00 119.00 130.00 100.00 150.00 151.00 159.00 163.00 126.00 77.00 32.00 26.00 21.00 3.00 3.00 2.00 0.00 5.00 29.00 30.00 51.00 74.00 101.00 120.00 111.00 124.00 143.00 127.00 168.00 169.00 175.00 181.00 132.00 59.00 38.00 14.00 7.00 2.00 7.00 4.00 9.00 19.00 48.00 57.00 100.00 105.00 137.00 120.00
119.00 130.00 100.00 150.00 151.00 159.00 163.00 126.00 77.00 32.00 26.00 21.00 3.00 3.00 2.00 0.00 5.00 29.00 30.00 51.00 74.00 101.00 120.00 111.00 124.00 143.00 127.00 168.00 169.00 175.00 181.00 132.00 59.00 38.00 14.00 7.00 2.00 7.00 4.00 9.00 19.00 48.00 57.00 100.00 105.00 137.00 120.00 143.00
130.00 100.00 150.00 151.00 159.00 163.00 126.00 77.00 32.00 26.00 21.00 3.00 3.00 2.00 0.00 5.00 29.00 30.00 51.00 74.00 101.00 120.00 111.00 124.00 143.00 127.00 168.00 169.00 175.00 181.00 132.00 59.00 38.00 14.00 7.00 2.00 7.00 4.00 9.00 19.00 48.00 57.00 100.00 105.00 137.00 120.00 143.00 125.00
100.00 150.00 151.00 159.00 163.00 126.00 77.00 32.00 26.00 21.00 3.00 3.00 2.00 0.00 5.00 29.00 30.00 51.00 74.00 101.00 120.00 111.00 124.00 143.00 127.00 168.00 169.00 175.00 181.00 132.00 59.00 38.00 14.00 7.00 2.00 7.00 4.00 9.00 19.00 48.00 57.00 100.00 105.00 137.00 120.00 143.00 125.00 165.00
150.00 151.00 159.00 163.00 126.00 77.00 32.00 26.00 21.00 3.00 3.00 2.00 0.00 5.00 29.00 30.00 51.00 74.00 101.00 120.00 111.00 124.00 143.00 127.00 168.00 169.00 175.00 181.00 132.00 59.00 38.00 14.00 7.00 2.00 7.00 4.00 9.00 19.00 48.00 57.00 100.00 105.00 137.00 120.00 143.00 125.00 165.00 161.00
151.00 159.00 163.00 126.00 77.00 32.00 26.00 21.00 3.00 3.00 2.00 0.00 5.00 29.00 30.00 51.00 74.00 101.00 120.00 111.00 124.00 143.00 127.00 168.00 169.00 175.00 181.00 132.00 59.00 38.00 14.00 7.00 2.00 7.00 4.00 9.00 19.00 48.00 57.00 100.00 105.00 137.00 120.00 143.00 125.00 165.00 161.00 152.00
159.00 163.00 126.00 77.00 32.00 26.00 21.00 3.00 3.00 2.00 0.00 5.00 29.00 30.00 51.00 74.00 101.00 120.00 111.00 124.00 143.00 127.00 168.00 169.00 175.00 181.00 132.00 59.00 38.00 14.00 7.00 2.00 7.00 4.00 9.00 19.00 48.00 57.00 100.00 105.00 137.00 120.00 143.00 125.00 165.00 161.00 152.00 187.00
163.00 126.00 77.00 32.00 26.00 21.00 3.00 3.00 2.00 0.00 5.00 29.00 30.00 51.00 74.00 101.00 120.00 111.00 124.00 143.00 127.00 168.00 169.00 175.00 181.00 132.00 59.00 38.00 14.00 7.00 2.00 7.00 4.00 9.00 19.00 48.00 57.00 100.00 105.00 137.00 120.00 143.00 125.00 165.00 161.00 152.00 187.00 137.00
126.00 77.00 32.00 26.00 21.00 3.00 3.00 2.00 0.00 5.00 29.00 30.00 51.00 74.00 101.00 120.00 111.00 124.00 143.00 127.00 168.00 169.00 175.00 181.00 132.00 59.00 38.00 14.00 7.00 2.00 7.00 4.00 9.00 19.00 48.00 57.00 100.00 105.00 137.00 120.00 143.00 125.00 165.00 161.00 152.00 187.00 137.00 119.00
77.00 32.00 26.00 21.00 3.00 3.00 2.00 0.00 5.00 29.00 30.00 51.00 74.00 101.00 120.00 111.00 124.00 143.00 127.00 168.00 169.00 175.00 181.00 132.00 59.00 38.00 14.00 7.00 2.00 7.00 4.00 9.00 19.00 48.00 57.00 100.00 105.00 137.00 120.00 143.00 125.00 165.00 161.00 152.00 187.00 137.00 119.00 93.00
32.00 26.00 21.00 3.00 3.00 2.00 0.00 5.00 29.00 30.00 51.00 74.00 101.00 120.00 111.00 124.00 143.00 127.00 168.00 169.00 175.00 181.00 132.00 59.00 38.00 14.00 7.00 2.00 7.00 4.00 9.00 19.00 48.00 57.00 100.00 105.00 137.00 120.00 143.00 125.00 165.00 161.00 152.00 187.00 137.00 119.00 93.00 58.00
26.00 21.00 3.00 3.00 2.00 0.00 5.00 29.00 30.00 51.00 74.00 101.00 120.00 111.00 124.00 143.00 127.00 168.00 169.00 175.00 181.00 132.00 59.00 38.00 14.00 7.00 2.00 7.00 4.00 9.00 19.00 48.00 57.00 100.00 105.00 137.00 120.00 143.00 125.00 165.00 161.00 152.00 187.00 137.00 119.00 93.00 58.00 16.00
21.00 3.00 3.00 2.00 0.00 5.00 29.00 30.00 51.00 74.00 101.00 120.00 111.00 124.00 143.00 127.00 168.00 169.00 175.00 181.00 132.00 59.00 38.00 14.00 7.00 2.00 7.00 4.00 9.00 19.00 48.00 57.00 100.00 105.00 137.00 120.00 143.00 125.00 165.00 161.00 152.00 187.00 137.00 119.00 93.00 58.00 16.00 7.00
3.00 3.00 2.00 0.00 5.00 29.00 30.00 51.00 74.00 101.00 120.00 111.00 124.00 143.00 127.00 168.00 169.00 175.00 181.00 132.00 59.00 38.00 14.00 7.00 2.00 7.00 4.00 9.00 19.00 48.00 57.00 100.00 105.00 137.00 120.00 143.00 125.00 165.00 161.00 152.00 187.00 137.00 119.00 93.00 58.00 16.00 7.00 6.00
3.00 2.00 0.00 5.00 29.00 30.00 51.00 74.00 101.00 120.00 111.00 124.00 143.00 127.00 168.00 169.00 175.00 181.00 132.00 59.00 38.00 14.00 7.00 2.00 7.00 4.00 9.00 19.00 48.00 57.00 100.00 105.00 137.00 120.00 143.00 125.00 165.00 161.00 152.00 187.00 137.00 119.00 93.00 58.00 16.00 7.00 6.00 0.00
2.00 0.00 5.00 29.00 30.00 51.00 74.00 101.00 120.00 111.00 124.00 143.00 127.00 168.00 169.00 175.00 181.00 132.00 59.00 38.00 14.00 7.00 2.00 7.00 4.00 9.00 19.00 48.00 57.00 100.00 105.00 137.00 120.00 143.00 125.00 165.00 161.00 152.00 187.00 137.00 119.00 93.00 58.00 16.00 7.00 6.00 0.00 1.00
0.00 5.00 29.00 30.00 51.00 74.00 101.00 120.00 111.00 124.00 143.00 127.00 168.00 169.00 175.00 181.00 132.00 59.00 38.00 14.00 7.00 2.00 7.00 4.00 9.00 19.00 48.00 57.00 100.00 105.00 137.00 120.00 143.00 125.00 165.00 161.00 152.00 187.00 137.00 119.00 93.00 58.00 16.00 7.00 6.00 0.00 1.00 2.00
5.00 29.00 30.00 51.00 74.00 101.00 120.00 111.00 124.00 143.00 127.00 168.00 169.00 175.00 181.00 132.00 59.00 38.00 14.00 7.00 2.00 7.00 4.00 9.00 19.00 48.00 57.00 100.00 105.00 137.00 120.00 143.00 125.00 165.00 161.00 152.00 187.00 137.00 119.00 93.00 58.00 16.00 7.00 6.00 0.00 1.00 2.00 4.00
29.00 30.00 51.00 74.00 101.00 120.00 111.00 124.00 143.00 127.00 168.00 169.00 175.00 181.00 132.00 59.00 38.00 14.00 7.00 2.00 7.00 4.00 9.00 19.00 48.00 57.00 100.00 105.00 137.00 120.00 143.00 125.00 165.00 161.00 152.00 187.00 137.00 119.00 93.00 58.00 16.00 7.00 6.00 0.00 1.00 2.00 4.00 18.00
30.00 51.00 74.00 101.00 120.00 111.00 124.00 143.00 127.00 168.00 169.00 175.00 181.00 132.00 59.00 38.00 14.00 7.00 2.00 7.00 4.00 9.00 19.00 48.00 57.00 100.00 105.00 137.00 120.00 143.00 125.00 165.00 161.00 152.00 187.00 137.00 119.00 93.00 58.00 16.00 7.00 6.00 0.00 1.00 2.00 4.00 18.00 47.00
51.00 74.00 101.00 120.00 111.00 124.00 143.00 127.00 168.00 169.00 175.00 181.00 132.00 59.00 38.00 14.00 7.00 2.00 7.00 4.00 9.00 19.00 48.00 57.00 100.00 105.00 137.00 120.00 143.00 125.00 165.00 161.00 152.00 187.00 137.00 119.00 93.00 58.00 16.00 7.00 6.00 0.00 1.00 2.00 4.00 18.00 47.00 59.00
74.00 101.00 120.00 111.00 124.00 143.00 127.00 168.00 169.00 175.00 181.00 132.00 59.00 38.00 14.00 7.00 2.00 7.00 4.00 9.00 19.00 48.00 57.00 100.00 105.00 137.00 120.00 143.00 125.00 165.00 161.00 152.00 187.00 137.00 119.00 93.00 58.00 16.00 7.00 6.00 0.00 1.00 2.00 4.00 18.00 47.00 59.00 73.00
101.00 120.00 111.00 124.00 143.00 127.00 168.00 169.00 175.00 181.00 132.00 59.00 38.00 14.00 7.00 2.00 7.00 4.00 9.00 19.00 48.00 57.00 100.00 105.00 137.00 120.00 143.00 125.00 165.00 161.00 152.00 187.00 137.00 119.00 93.00 58.00 16.00 7.00 6.00 0.00 1.00 2.00 4.00 18.00 47.00 59.00 73.00 95.00
120.00 111.00 124.00 143.00 127.00 168.00 169.00 175.00 181.00 132.00 59.00 38.00 14.00 7.00 2.00 7.00 4.00 9.00 19.00 48.00 57.00 100.00 105.00 137.00 120.00 143.00 125.00 165.00 161.00 152.00 187.00 137.00 119.00 93.00 58.00 16.00 7.00 6.00 0.00 1.00 2.00 4.00 18.00 47.00 59.00 73.00 95.00 136.00
111.00 124.00 143.00 127.00 168.00 169.00 175.00 181.00 132.00 59.00 38.00 14.00 7.00 2.00 7.00 4.00 9.00 19.00 48.00 57.00 100.00 105.00 137.00 120.00 143.00 125.00 165.00 161.00 152.00 187.00 137.00 119.00 93.00 58.00 16.00 7.00 6.00 0.00 1.00 2.00 4.00 18.00 47.00 59.00 73.00 95.00 136.00 117.00
124.00 143.00 127.00 168.00 169.00 175.00 181.00 132.00 59.00 38.00 14.00 7.00 2.00 7.00 4.00 9.00 19.00 48.00 57.00 100.00 105.00 137.00 120.00 143.00 125.00 165.00 161.00 152.00 187.00 137.00 119.00 93.00 58.00 16.00 7.00 6.00 0.00 1.00 2.00 4.00 18.00 47.00 59.00 73.00 95.00 136.00 117.00 121.00
143.00 127.00 168.00 169.00 175.00 181.00 132.00 59.00 38.00 14.00 7.00 2.00 7.00 4.00 9.00 19.00 48.00 57.00 100.00 105.00 137.00 120.00 143.00 125.00 165.00 161.00 152.00 187.00 137.00 119.00 93.00 58.00 16.00 7.00 6.00 0.00 1.00 2.00 4.00 18.00 47.00 59.00 73.00 95.00 136.00 117.00 121.00 108.00
127.00 168.00 169.00 175.00 181.00 132.00 59.00 38.00 14.00 7.00 2.00 7.00 4.00 9.00 19.00 48.00 57.00 100.00 105.00 137.00 120.00 143.00 125.00 165.00 161.00 152.00 187.00 137.00 119.00 93.00 58.00 16.00 7.00 6.00 0.00 1.00 2.00 4.00 18.00 47.00 59.00 73.00 95.00 136.00 117.00 121.00 108.00 154.00
168.00 169.00 175.00 181.00 132.00 59.00 38.00 14.00 7.00 2.00 7.00 4.00 9.00 19.00 48.00 57.00 100.00 105.00 137.00 120.00 143.00 125.00 165.00 161.00 152.00 187.00 137.00 119.00 93.00 58.00 16.00 7.00 6.00 0.00 1.00 2.00 4.00 18.00 47.00 59.00 73.00 95.00 136.00 117.00 121.00 108.00 154.00 162.00
169.00 175.00 181.00 132.00 59.00 38.00 14.00 7.00 2.00 7.00 4.00 9.00 19.00 48.00 57.00 100.00 105.00 137.00 120.00 143.00 125.00 165.00 161.00 152.00 187.00 137.00 119.00 93.00 58.00 16.00 7.00 6.00 0.00 1.00 2.00 4.00 18.00 47.00 59.00 73.00 95.00 136.00 117.00 121.00 108.00 154.00 162.00 160.00
175.00 181.00 132.00 59.00 38.00 14.00 7.00 2.00 7.00 4.00 9.00 19.00 48.00 57.00 100.00 105.00 137.00 120.00 143.00 125.00 165.00 161.00 152.00 187.00 137.00 119.00 93.00 58.00 16.00 7.00 6.00 0.00 1.00 2.00 4.00 18.00 47.00 59.00 73.00 95.00 136.00 117.00 121.00 108.00 154.00 162.00 160.00 146.00
181.00 132.00 59.00 38.00 14.00 7.00 2.00 7.00 4.00 9.00 19.00 48.00 57.00 100.00 105.00 137.00 120.00 143.00 125.00 165.00 161.00 152.00 187.00 137.00 119.00 93.00 58.00 16.00 7.00 6.00 0.00 1.00 2.00 4.00 18.00 47.00 59.00 73.00 95.00 136.00 117.00 121.00 108.00 154.00 162.00 160.00 146.00 116.00
132.00 59.00 38.00 14.00 7.00 2.00 7.00 4.00 9.00 19.00 48.00 57.00 100.00 105.00 137.00 120.00 143.00 125.00 165.00 161.00 152.00 187.00 137.00 119.00 93.00 58.00 16.00 7.00 6.00 0.00 1.00 2.00 4.00 18.00 47.00 59.00 73.00 95.00 136.00 117.00 121.00 108.00 154.00 162.00 160.00 146.00 116.00 116.00
59.00 38.00 14.00 7.00 2.00 7.00 4.00 9.00 19.00 48.00 57.00 100.00 105.00 137.00 120.00 143.00 125.00 165.00 161.00 152.00 187.00 137.00 119.00 93.00 58.00 16.00 7.00 6.00 0.00 1.00 2.00 4.00 18.00 47.00 59.00 73.00 95.00 136.00 117.00 121.00 108.00 154.00 162.00 160.00 146.00 116.00 116.00 90.00
38.00 14.00 7.00 2.00 7.00 4.00 9.00 19.00 48.00 57.00 100.00 105.00 137.00 120.00 143.00 125.00 165.00 161.00 152.00 187.00 137.00 119.00 93.00 58.00 16.00 7.00 6.00 0.00 1.00 2.00 4.00 18.00 47.00 59.00 73.00 95.00 136.00 117.00 121.00 108.00 154.00 162.00 160.00 146.00 116.00 116.00 90.00 50.00
14.00 7.00 2.00 7.00 4.00 9.00 19.00 48.00 57.00 100.00 105.00 137.00 120.00 143.00 125.00 165.00 161.00 152.00 187.00 137.00 119.00 93.00 58.00 16.00 7.00 6.00 0.00 1.00 2.00 4.00 18.00 47.00 59.00 73.00 95.00 136.00 117.00 121.00 108.00 154.00 162.00 160.00 146.00 116.00 116.00 90.00 50.00 29.00
