4.24 -1.23 -0.20 -10.95 12.92 28.03 50.29 72.56 97.81 103.00 128.07 139.10 118.83 149.81 163.66 135.02 143.14 132.29 136.68 101.90 62.09 59.93 39.02 9.63 -4.36 5.06 7.06 5.87 3.53 37.51 57.22 60.20 84.90 113.49 108.10 126.37 131.22 115.86 138.82 140.51 167.67 139.86 130.89 106.29 77.02 42.98 21.19 18.35
0.41 1.56 -10.05 13.71 29.16 51.15 72.19 97.73 104.72 128.38 137.99 118.82 149.24 164.25 134.92 142.94 132.04 135.04 100.78 62.00 59.12 37.69 9.03 -4.51 4.83 5.37 4.46 3.18 36.27 56.87 60.32 86.33 114.02 107.71 125.87 130.36 116.56 138.74 140.27 167.63 139.50 131.53 106.06 77.20 42.83 20.05 16.41 8.69
2.22 -8.33 14.61 31.36 52.97 72.76 97.60 105.23 129.80 139.94 119.12 150.53 165.88 137.03 143.87 131.88 135.70 100.69 60.72 58.95 37.39 8.71 -5.77 2.98 5.08 2.56 1.77 37.02 57.16 60.97 86.30 114.34 108.02 124.61 129.84 116.89 139.23 140.15 166.75 138.48 129.86 105.49 77.47 41.74 18.96 15.03 7.70 2.97
-9.29 15.40 31.04 54.28 72.29 99.94 105.65 130.00 140.79 119.71 149.24 167.07 136.98 143.17 132.36 135.63 100.74 58.17 56.39 33.90 7.49 -5.69 -1.27 5.01 0.39 -1.24 34.20 57.87 59.38 87.30 113.72 108.02 123.41 129.92 115.89 138.88 140.39 166.46 139.65 129.86 103.29 78.21 41.76 18.03 15.06 10.30 2.17 6.52
15.95 32.08 54.72 74.12 100.81 106.52 130.09 140.70 119.94 150.11 167.45 137.14 143.91 133.12 137.02 100.56 58.38 56.89 33.21 7.29 -5.63 -0.69 5.28 -0.77 -2.32 32.85 56.01 59.16 88.65 113.75 108.48 122.66 128.88 114.83 138.15 140.71 166.68 140.24 128.90 102.08 77.13 41.59 18.89 15.13 9.63 1.74 5.84 -5.90
29.98 52.93 74.34 102.58 107.25 131.34 141.90 119.02 148.15 167.54 137.93 144.26 133.94 138.02 102.05 60.51 59.10 36.08 8.46 -4.41 0.69 6.63 -0.14 -1.13 32.35 56.13 59.80 88.29 116.25 110.20 124.98 127.12 111.27 136.96 141.22 164.88 139.02 129.34 100.80 76.44 41.98 18.99 15.29 9.08 1.55 4.28 -7.30 -3.51
52.39 74.04 104.09 108.52 131.26 141.99 118.80 147.89 170.67 139.42 145.61 135.62 138.99 104.93 60.84 61.42 39.22 10.04 -2.19 2.16 9.46 0.45 -0.46 34.42 57.11 60.18 88.43 116.81 110.54 126.55 127.68 111.89 136.33 140.36 164.57 137.26 128.23 99.46 76.27 40.38 17.08 15.88 8.04 1.06 2.54 -10.08 -5.21 24.02
71.44 103.20 107.47 130.51 140.59 119.64 147.29 169.77 140.59 143.99 136.16 141.01 105.28 61.99 61.72 39.10 10.27 -3.80 0.73 7.88 0.95 0.75 31.76 57.24 60.73 86.37 115.99 112.30 124.01 129.89 112.60 137.38 139.53 165.08 136.85 127.69 99.07 75.55 41.23 16.18 14.00 7.75 0.30 0.76 -11.58 -4.97 22.89 47.50
100.64 106.19 130.15 139.95 118.20 149.32 171.21 142.44 146.01 136.41 141.67 106.69 61.87 61.97 39.36 12.53 -3.12 -0.86 8.12 -0.84 1.03 32.52 55.03 60.55 86.52 114.43 110.81 124.42 126.68 111.97 137.70 138.30 162.99 136.68 127.59 97.08 73.85 39.37 16.75 13.59 7.41 -0.23 -1.40 -12.59 -4.37 25.46 47.71 59.11
107.05 128.74 138.83 118.95 150.09 168.57 143.47 143.11 132.25 139.36 108.41 60.21 61.09 39.34 11.90 -2.60 0.77 10.79 1.57 3.22 33.68 53.81 61.37 87.72 115.20 113.23 124.70 127.30 116.07 137.51 137.86 162.44 136.62 128.20 98.54 75.51 40.27 18.31 14.27 7.78 1.11 -2.50 -11.37 -3.35 25.24 44.67 60.39 90.12
129.99 136.87 120.70 149.28 169.14 142.88 144.29 133.98 141.05 109.98 59.28 61.07 39.51 13.15 -4.06 0.88 12.97 1.60 2.70 34.12 53.36 59.78 87.07 114.94 114.79 127.36 127.34 117.57 134.12 139.15 162.56 137.99 129.28 99.00 77.50 39.55 17.53 14.30 9.99 2.09 -2.70 -9.97 -4.53 24.03 44.19 60.90 90.22 103.54
135.21 120.35 149.41 168.06 142.36 143.96 134.59 140.25 113.78 58.54 59.58 41.71 12.35 -4.44 0.55 13.32 1.61 -0.15 31.98 51.20 58.01 86.46 112.92 116.52 127.14 126.66 117.76 136.18 138.13 166.33 139.80 128.45 100.76 80.08 40.96 18.43 13.45 10.24 2.90 -4.63 -11.68 -3.60 23.44 40.91 60.21 88.45 102.53 99.19
118.04 146.58 167.15 140.54 143.46 134.98 140.07 113.60 57.10 58.37 40.32 10.97 -3.99 0.04 11.34 1.76 -1.32 32.09 53.48 57.37 87.66 114.82 118.63 127.51 127.47 118.06 135.80 137.29 166.17 140.33 129.48 101.47 80.91 41.81 17.26 13.13 8.21 3.31 -4.15 -10.89 -2.34 23.30 39.83 59.86 89.07 105.17 100.75 91.06
143.47 165.19 139.12 140.97 133.76 137.85 112.33 54.93 54.78 37.03 9.52 -3.92 0.04 10.42 1.58 -1.72 30.55 52.98 57.06 88.38 113.85 119.25 127.75 128.62 120.04 137.19 138.90 168.06 140.34 131.39 101.73 81.58 42.02 18.16 14.14 10.29 3.79 -2.20 -10.22 -2.14 22.02 39.09 59.47 88.61 105.39 100.53 91.01 101.88
169.05 141.46 143.92 133.86 138.59 113.92 55.73 57.38 40.56 11.34 -3.52 1.31 10.62 1.38 0.07 30.57 52.49 55.76 84.32 111.51 119.56 125.66 125.63 120.33 134.11 138.15 167.42 140.47 128.28 102.41 81.10 38.91 16.41 14.31 10.62 1.29 -2.87 -9.52 -2.19 19.63 37.71 58.30 88.17 103.70 101.07 93.93 100.94 112.86
140.68 141.63 134.92 138.83 114.80 55.33 56.93 39.92 6.91 -4.08 1.83 10.13 2.52 1.43 31.63 54.41 57.00 87.07 112.69 122.09 127.54 125.69 120.06 134.03 137.87 168.26 140.79 129.26 105.21 82.86 39.66 15.60 11.07 9.21 2.22 -3.78 -11.23 -0.52 18.51 36.32 58.34 87.76 104.05 101.60 93.55 100.50 111.26 139.41
140.79 137.17 138.00 113.22 56.90 54.70 38.97 7.38 -2.94 1.76 10.15 2.43 -0.91 31.14 55.17 57.87 86.61 114.49 126.68 128.35 127.45 122.21 138.14 140.68 168.40 141.01 131.24 103.29 87.26 38.70 17.27 12.01 11.50 1.06 -4.50 -12.37 0.19 17.56 34.38 57.46 89.57 102.71 101.76 93.66 98.14 106.85 137.43 125.57
137.83 139.74 111.63 57.49 54.21 38.21 5.52 -3.69 0.30 8.55 2.45 -1.57 32.02 54.85 56.75 85.70 113.30 127.58 132.64 128.57 121.31 138.98 141.65 168.52 139.85 130.91 102.83 86.68 41.23 15.23 12.65 11.09 2.02 -4.63 -14.19 1.29 17.34 35.61 56.69 89.40 104.02 100.54 92.73 99.13 105.85 136.82 124.48 147.56
138.17 108.38 58.94 55.93 38.97 5.60 -2.73 -2.01 4.82 3.08 -0.98 34.63 58.44 60.64 87.02 114.81 129.57 133.94 128.08 123.36 139.33 141.62 166.93 140.30 132.61 103.65 86.03 43.04 14.12 15.72 12.47 2.73 -7.21 -15.94 1.69 16.86 34.64 57.80 89.49 102.23 98.23 91.48 97.99 103.29 135.48 124.43 145.54 135.51
106.31 55.53 55.31 40.24 5.53 -1.30 0.12 3.19 1.50 -0.21 32.73 60.28 61.95 89.21 117.30 131.00 135.61 128.90 124.23 140.90 140.74 168.37 142.15 132.10 105.88 84.91 43.66 14.05 14.97 14.78 6.49 -8.69 -15.79 -1.10 17.36 32.93 56.64 89.99 101.60 96.16 89.48 96.18 102.42 134.81 124.88 145.95 134.48 144.54
59.47 59.33 42.16 4.59 -1.96 0.58 2.81 5.73 2.87 34.21 61.45 59.01 87.74 115.26 128.75 133.02 126.73 122.45 138.54 138.15 168.25 141.34 130.69 104.25 83.15 43.94 12.81 13.05 12.72 0.47 -12.55 -15.08 -0.25 18.71 31.21 58.47 90.92 100.31 96.83 92.17 96.70 102.82 135.94 126.82 147.90 138.54 147.23 114.87
56.97 39.32 3.95 -3.50 -1.46 2.38 6.96 2.41 30.23 60.30 59.83 87.47 116.05 129.59 134.56 128.27 123.54 139.90 139.84 170.87 142.38 132.59 104.47 83.16 45.94 14.90 12.98 13.29 1.00 -13.19 -14.95 -1.62 17.54 30.45 58.93 88.87 99.05 96.47 91.43 96.25 103.67 136.42 125.30 147.28 138.57 148.20 115.93 64.93
38.03 2.50 -5.31 0.48 1.97 7.18 3.88 29.58 58.47 58.86 86.86 117.24 129.61 136.27 130.18 125.15 141.29 140.51 172.62 143.62 132.50 105.82 84.27 46.27 15.24 13.05 12.37 0.44 -12.49 -13.65 -0.37 17.51 29.33 57.16 88.78 96.26 96.43 92.71 96.12 103.79 135.12 125.96 147.15 138.63 147.50 116.33 64.60 41.33
4.50 -2.69 0.90 4.83 7.78 4.42 29.07 58.67 58.90 88.12 118.36 130.06 137.39 131.28 126.76 142.46 140.83 173.32 144.47 133.42 106.45 83.73 46.26 15.32 11.31 11.30 -0.74 -12.41 -12.42 -2.26 17.36 28.29 55.80 87.30 95.25 95.38 92.82 96.23 101.80 134.20 124.97 146.68 138.12 147.96 114.71 63.97 39.74 32.55
-0.75 2.39 6.10 9.11 5.59 30.01 57.98 58.85 89.61 118.74 131.07 138.65 131.72 127.27 142.63 140.82 173.02 143.52 131.04 105.37 83.14 43.78 13.42 10.78 9.17 -1.92 -13.48 -11.50 -3.04 18.32 28.92 54.97 85.84 95.53 95.14 93.70 96.29 103.21 135.22 123.46 144.84 136.76 148.69 113.99 63.34 39.16 30.75 14.80
-0.37 3.17 7.96 3.14 27.34 58.15 58.82 88.50 118.18 129.10 137.02 131.34 126.85 142.46 140.30 173.41 143.46 129.82 105.61 83.78 43.44 15.73 11.73 9.57 0.71 -13.08 -10.56 -2.85 17.57 31.39 55.86 87.12 97.19 96.33 94.84 95.88 102.29 134.48 123.66 145.49 137.23 150.38 113.40 63.09 39.77 31.85 15.52 6.80
3.27 8.21 2.99 26.80 58.51 58.62 88.50 119.05 129.96 137.38 131.51 126.19 142.36 140.09 173.31 142.70 128.91 105.40 83.94 43.08 15.59 12.04 10.08 -0.10 -12.87 -10.86 -2.66 16.93 31.44 54.18 86.44 97.51 96.34 95.14 95.55 102.71 135.00 122.13 144.39 137.36 150.71 112.96 62.76 40.07 32.53 16.01 7.93 4.54
5.78 1.10 26.49 57.93 59.10 86.72 119.18 128.85 135.11 131.35 126.17 141.50 140.37 174.19 143.05 128.96 105.10 85.89 44.00 16.28 12.99 11.20 1.18 -13.83 -9.19 -1.46 16.65 32.15 55.59 86.78 98.49 97.53 95.32 95.62 102.95 135.02 121.58 143.77 136.11 150.70 113.92 62.42 39.38 31.93 15.57 6.41 5.42 6.43
1.73 27.13 57.73 60.61 86.55 120.93 128.89 136.02 132.46 127.15 140.44 140.91 174.90 143.23 129.93 105.38 85.92 43.52 16.09 13.09 10.78 1.35 -13.71 -9.63 -2.76 14.65 31.74 54.78 86.71 98.62 98.19 94.53 94.89 101.93 134.54 120.24 143.37 135.74 149.92 113.24 62.08 39.61 32.07 16.23 6.02 6.12 5.79 7.29
25.84 57.06 60.06 87.47 120.76 129.88 136.56 133.18 126.69 140.98 140.92 175.33 143.24 130.22 106.11 86.24 44.13 17.10 13.62 11.06 1.43 -12.71 -9.83 -3.48 14.57 30.96 54.37 87.17 99.15 98.84 94.90 94.46 101.41 134.22 119.81 142.54 135.54 149.86 113.69 61.90 39.82 32.41 16.69 6.23 5.68 6.57 7.87 13.96
62.68 64.34 91.09 123.71 132.47 139.59 133.47 129.78 148.99 144.84 176.95 144.26 132.22 107.39 86.82 43.18 16.58 12.71 8.95 0.55 -12.62 -12.88 -5.28 13.73 28.28 51.07 86.72 97.57 95.81 92.10 93.36 100.26 133.08 119.48 140.69 134.08 149.39 111.63 61.15 37.35 31.69 14.54 5.55 5.39 5.74 6.16 12.45 22.70
67.09 93.95 125.10 130.80 139.62 131.99 128.01 148.58 150.04 177.53 144.29 132.59 106.01 84.88 39.71 14.20 10.49 6.00 -1.74 -15.93 -15.43 -8.91 11.35 29.44 49.85 86.65 98.35 96.93 90.24 93.76 98.02 134.53 121.93 144.02 134.10 153.34 112.30 61.55 38.68 32.68 14.41 5.63 6.06 4.33 5.76 11.04 21.49 51.78
90.62 122.25 128.08 141.59 130.33 126.76 148.54 149.08 173.85 143.55 134.44 106.79 86.65 42.63 16.55 12.02 8.12 0.86 -13.50 -12.84 -7.03 14.66 29.33 47.68 89.73 100.51 97.29 91.73 94.66 97.07 135.26 122.01 143.80 131.83 153.86 110.15 61.60 37.45 32.61 14.29 5.77 6.51 3.42 5.98 10.24 22.32 52.54 66.89
119.26 128.86 138.86 133.96 124.60 149.57 149.80 169.55 143.34 131.67 107.57 89.09 41.86 18.48 11.80 9.17 0.09 -15.59 -12.25 -9.11 13.09 27.79 42.64 89.20 100.90 92.95 88.28 96.78 95.79 134.92 121.36 142.99 132.66 154.44 107.24 60.63 37.53 35.10 15.80 7.00 5.09 4.61 5.23 8.40 20.66 49.87 66.93 105.64
129.56 136.23 137.54 126.91 150.65 152.62 173.54 145.48 131.47 108.43 90.47 45.29 17.69 11.61 8.32 2.21 -13.94 -14.37 -10.75 8.36 23.87 39.11 80.84 101.05 91.10 86.05 93.68 94.75 131.45 123.19 140.89 130.89 148.98 109.08 61.68 37.71 34.30 17.41 10.37 6.19 6.99 7.92 8.04 18.92 50.88 66.38 106.04 129.11
134.14 133.02 128.09 155.37 153.14 176.23 150.14 133.59 105.96 91.19 47.06 21.77 14.61 12.66 4.91 -9.99 -9.44 -8.50 9.74 25.05 39.47 81.67 97.89 90.10 85.32 93.88 91.57 130.70 120.72 140.61 131.48 145.41 103.96 59.85 38.45 31.76 14.78 10.02 9.02 6.21 6.99 7.38 17.19 50.94 65.26 106.95 129.27 146.03
130.74 126.67 154.12 153.09 174.87 150.14 131.45 103.85 89.01 46.30 22.49 16.11 16.95 7.74 -6.82 -6.58 -4.57 13.93 29.16 44.78 87.80 102.75 95.44 89.16 95.40 94.72 133.43 121.83 145.09 134.03 149.44 103.98 58.24 34.34 31.45 13.89 9.23 8.13 3.76 3.45 4.83 15.60 50.30 65.07 105.27 128.43 143.15 134.40
123.67 150.49 153.09 173.41 148.25 131.85 101.89 88.25 43.72 23.01 13.55 18.22 10.49 -4.78 -5.70 -4.50 14.94 30.29 47.27 90.25 104.22 99.41 92.59 95.78 95.86 135.09 122.56 146.99 135.70 153.72 106.29 59.82 34.85 29.01 13.91 8.19 7.03 4.89 4.00 4.25 12.94 51.77 65.40 104.51 127.63 144.93 132.73 138.49
150.79 149.93 174.21 145.57 131.75 103.00 87.61 45.09 21.52 13.71 18.14 13.16 -2.05 -5.11 -2.45 16.83 33.14 49.09 92.37 109.95 101.95 96.46 97.32 99.28 137.24 126.49 152.17 134.75 153.65 109.49 62.00 34.69 27.06 11.21 9.95 5.21 5.02 2.67 3.14 10.42 52.53 64.52 103.60 128.56 145.86 133.81 135.63 127.03
146.75 173.09 144.19 134.50 101.86 89.73 45.04 20.86 12.21 17.87 13.29 0.99 -1.07 2.34 20.03 35.61 52.29 96.05 114.50 107.22 99.68 102.31 102.43 137.44 129.02 153.02 135.16 155.02 110.69 63.97 36.87 27.29 10.47 5.24 4.16 1.53 1.40 2.87 9.53 51.49 61.82 105.37 127.10 145.48 132.79 136.57 125.64 153.54
169.08 140.85 133.08 99.92 89.94 44.86 19.77 10.64 12.77 11.77 -1.77 -1.07 3.24 18.97 36.84 54.53 96.71 117.30 112.58 101.74 104.63 105.41 143.24 130.54 153.52 135.78 155.73 110.30 69.74 40.93 32.34 10.39 5.91 0.14 3.21 0.97 2.25 10.00 48.45 59.68 105.97 126.35 145.78 134.64 136.43 125.79 152.20 173.83
141.70 134.93 97.98 88.91 44.79 17.90 8.36 11.39 9.85 -4.31 -2.06 4.21 19.42 37.19 57.59 96.61 117.48 112.92 100.21 106.21 106.34 145.41 134.31 153.58 134.70 156.91 111.16 68.64 42.94 33.35 11.12 7.25 -0.30 0.08 1.58 1.97 12.07 48.10 57.83 104.10 124.80 145.29 136.10 136.77 124.65 152.18 170.90 188.26
135.25 98.06 89.44 46.72 19.57 9.28 10.37 10.64 -5.29 -1.05 2.99 19.88 38.56 59.55 98.14 117.67 115.95 102.60 105.79 108.30 146.18 136.16 154.93 134.36 156.11 111.57 69.63 41.88 33.29 12.47 9.20 -0.39 -0.44 -1.54 3.34 10.54 47.39 58.55 104.31 123.84 144.30 135.75 138.77 126.75 150.71 169.70 185.18 158.61
95.41 87.95 45.66 23.19 8.94 11.49 12.81 -6.59 -3.78 2.63 19.87 41.24 60.97 100.27 118.65 117.37 104.34 105.48 109.44 146.03 134.21 155.37 133.26 153.95 111.02 67.58 39.88 32.61 11.12 11.22 0.65 1.07 -0.50 1.18 10.11 44.73 58.33 106.22 126.97 145.40 134.57 140.02 127.54 149.81 169.08 183.80 159.31 147.10
84.08 44.00 22.78 12.61 11.05 14.26 -6.64 -3.50 0.47 19.06 43.01 63.85 102.62 123.73 121.73 107.25 108.05 112.33 148.04 137.21 157.54 136.24 150.25 110.03 68.32 41.66 31.57 11.51 12.51 2.21 1.78 0.34 -2.74 6.44 44.83 53.88 104.37 127.08 144.81 132.71 138.29 128.19 149.71 168.20 180.92 157.76 144.72 102.78
44.15 23.40 12.61 14.48 15.89 -3.47 -2.06 1.52 19.64 44.83 64.18 104.87 127.37 125.38 110.22 109.07 113.34 149.12 139.62 158.72 135.32 149.55 108.48 67.35 40.71 28.63 12.14 11.93 2.37 3.27 2.27 -5.53 5.50 40.31 53.59 101.67 126.77 145.30 132.50 136.12 127.43 148.44 168.21 181.37 157.54 146.15 101.52 72.51
24.15 10.82 16.04 16.37 -2.28 -0.86 0.88 20.83 46.06 65.87 104.52 128.90 127.75 111.65 108.40 112.04 149.07 139.42 158.11 135.82 147.03 107.73 65.03 39.69 28.79 11.21 12.73 3.25 0.45 3.42 -4.96 5.66 40.90 53.15 101.94 125.79 145.03 133.28 137.03 127.35 147.70 169.07 180.70 157.74 146.60 101.46 70.36 57.90
12.09 15.51 17.57 -2.26 -0.56 1.19 19.75 45.88 64.56 104.30 128.15 127.83 113.51 109.06 110.70 146.93 138.73 157.51 135.70 146.58 106.53 63.84 37.71 28.03 9.21 13.21 1.89 3.32 1.60 -4.39 5.62 40.10 53.11 102.55 125.39 146.81 133.53 139.02 128.35 148.48 165.53 180.88 158.02 146.46 101.33 72.14 56.96 30.63
14.99 16.47 -0.57 2.42 2.61 21.36 46.39 63.03 102.67 128.37 127.18 115.69 111.41 111.20 146.95 139.37 157.68 134.83 145.61 104.94 62.87 35.49 26.46 9.96 10.45 0.17 1.36 2.21 -5.34 8.95 41.32 50.58 101.40 124.08 147.01 134.84 139.01 131.36 150.18 164.31 177.75 156.65 147.49 101.91 71.26 55.26 28.81 17.09
17.17 0.06 4.51 3.07 22.84 46.22 62.90 102.74 128.56 127.45 116.02 111.41 111.84 146.93 139.34 157.69 134.51 144.70 103.92 62.18 35.18 24.26 9.23 11.11 -1.73 1.70 0.40 -6.01 8.17 42.61 50.01 100.38 123.04 147.24 135.03 140.53 130.87 151.04 164.22 176.23 155.24 146.18 102.20 70.92 53.89 27.67 16.39 13.48
-1.47 2.28 0.95 20.16 44.17 62.45 102.78 128.45 126.05 114.26 110.57 111.55 146.21 138.04 158.22 135.31 144.83 103.45 61.68 35.61 24.86 12.12 11.73 -1.43 3.21 1.97 -4.74 8.95 43.05 50.33 100.43 123.22 146.43 136.41 140.73 130.83 150.89 162.84 176.04 155.80 146.51 102.36 70.58 53.61 28.64 19.29 14.62 16.83
0.80 -1.16 18.54 43.15 60.28 103.26 128.94 125.53 112.45 109.59 110.85 145.90 137.85 157.05 134.74 145.44 104.90 62.67 36.42 26.04 15.10 14.13 -0.27 3.98 3.60 -3.29 10.07 43.71 50.86 100.75 124.06 147.07 136.65 141.22 130.91 150.66 162.38 175.59 156.26 148.23 102.56 71.84 52.58 28.88 20.52 15.52 18.26 -0.95
-0.41 18.83 43.33 60.08 103.74 129.59 126.21 113.25 112.85 112.02 145.58 138.59 157.22 134.62 146.27 105.52 62.72 36.89 27.33 15.45 14.26 0.83 5.60 4.70 -2.72 8.92 45.66 50.17 101.02 123.87 147.74 135.65 141.71 130.62 150.54 161.46 175.23 154.12 146.77 100.93 73.19 51.10 27.25 20.03 15.47 17.29 -2.02 7.16
19.76 42.96 61.19 103.51 129.46 127.37 113.61 114.04 113.41 146.41 139.20 157.13 134.95 146.65 106.05 62.95 37.22 27.53 14.79 14.74 1.70 5.40 4.31 -2.93 9.53 46.30 50.31 100.78 122.59 147.21 134.86 141.64 129.52 150.80 160.87 174.66 153.10 145.88 100.57 72.96 51.60 27.28 19.25 14.70 17.78 -1.05 7.78 0.16
47.36 64.44 105.37 130.06 129.38 115.05 115.06 116.63 150.98 142.80 157.15 135.49 146.77 104.77 63.09 35.42 26.13 13.12 13.79 1.05 2.33 2.15 -3.41 8.84 45.89 48.79 101.32 120.94 144.91 132.31 140.44 128.15 152.07 161.20 174.51 152.83 146.28 99.56 72.16 51.41 28.05 18.64 14.49 17.84 -0.27 8.82 -0.98 2.22
64.95 107.53 131.73 128.38 116.35 112.58 114.70 151.59 148.42 158.31 134.43 146.78 105.29 66.12 35.58 24.80 11.61 13.13 -0.29 0.58 0.72 -4.38 10.81 45.05 49.86 101.38 120.08 143.81 129.75 137.94 126.67 154.66 163.46 174.78 151.13 145.05 98.35 69.29 50.54 26.85 17.11 13.38 15.35 -3.93 7.17 -3.13 1.44 25.59
106.70 130.91 129.03 115.12 112.74 112.48 150.39 148.06 158.15 134.24 146.83 102.84 66.68 37.02 25.05 10.68 12.41 0.29 -0.55 0.21 -4.51 12.44 46.19 48.73 102.67 123.40 143.73 129.76 137.75 126.45 153.68 165.10 174.39 151.82 144.84 99.74 68.06 49.42 25.37 17.04 13.62 14.15 -4.60 6.27 -4.66 1.96 25.09 42.07
131.58 131.71 117.51 113.15 113.04 148.65 145.83 156.83 134.68 147.25 103.85 64.93 38.05 26.74 11.38 12.30 0.27 -0.96 -2.53 -5.68 13.53 44.87 48.64 104.07 122.73 145.91 128.64 137.90 127.15 153.14 164.00 174.67 150.11 145.06 98.72 70.60 48.57 25.54 16.25 11.35 12.22 -7.28 6.33 -6.37 -0.60 23.98 40.92 79.84
132.00 118.94 111.90 115.16 148.82 146.95 156.54 136.62 148.52 105.53 64.72 39.77 28.30 11.10 13.96 1.86 0.66 -0.04 -3.63 14.44 45.42 51.54 106.48 122.57 146.11 128.35 139.15 125.11 155.12 164.72 176.19 149.57 144.41 96.16 69.84 45.42 25.32 14.36 9.25 11.14 -5.27 6.98 -5.93 0.50 23.97 41.73 78.59 129.73
120.64 111.43 116.75 148.90 147.04 156.54 137.16 150.08 106.67 67.33 39.58 27.98 11.79 12.56 2.79 1.45 1.01 -2.87 15.59 45.19 52.08 108.61 123.61 147.57 130.35 139.14 126.31 153.43 165.27 175.46 151.65 143.04 95.96 69.73 45.02 24.88 13.05 7.97 10.40 -6.84 8.30 -7.43 0.51 23.64 41.63 78.95 128.43 142.00
109.89 116.14 148.85 146.81 157.97 134.86 149.26 107.03 65.72 40.25 29.12 11.40 12.73 3.79 2.27 2.79 -0.16 19.18 47.89 54.38 110.56 127.83 150.66 132.40 141.93 126.94 153.40 165.11 177.96 151.26 143.37 96.69 68.34 42.95 25.62 11.03 7.12 10.97 -6.94 8.66 -6.56 1.52 25.45 41.53 77.36 125.68 141.09 143.58
117.19 151.21 147.91 160.05 135.53 150.36 108.07 67.85 41.19 31.26 12.33 13.38 3.39 2.40 2.95 1.23 20.38 48.58 55.32 109.27 128.32 152.59 133.23 142.53 126.73 152.82 163.29 176.62 151.85 141.63 95.74 67.17 40.53 24.36 10.39 6.12 9.93 -7.15 9.19 -6.09 2.26 26.40 43.06 78.63 125.66 142.27 144.14 138.90
150.47 148.60 160.46 134.45 151.58 105.08 66.25 40.86 34.42 12.54 12.23 2.67 1.03 3.80 1.44 19.67 46.15 55.03 109.18 126.60 149.40 133.82 144.88 125.46 155.28 161.67 175.62 151.41 142.43 94.68 68.04 41.55 26.84 9.59 5.88 8.98 -6.90 8.35 -6.70 1.48 26.67 43.62 78.99 123.42 141.37 139.96 136.52 129.75
149.43 159.45 136.01 146.77 102.74 64.78 41.57 34.61 13.24 12.12 2.22 -1.74 -0.35 -3.90 15.79 44.34 54.06 107.40 124.81 148.47 134.18 144.70 126.32 155.09 165.10 176.60 153.76 141.65 93.59 66.58 40.41 29.48 13.28 9.57 9.53 -4.40 7.87 -8.72 2.35 29.93 45.76 80.46 125.06 143.11 143.99 137.63 134.39 147.85
165.12 142.28 151.33 108.07 63.63 47.71 34.71 16.26 19.97 5.75 -2.13 3.99 -2.32 17.05 45.56 54.04 106.05 116.22 140.04 127.40 140.13 121.06 147.84 164.37 168.36 146.95 135.67 93.52 59.73 43.59 28.65 10.09 6.63 8.47 -6.12 6.66 -9.17 5.25 33.37 42.72 78.17 125.19 144.53 146.11 137.95 139.08 145.77 155.14
140.91 151.93 104.12 67.17 47.09 35.90 15.27 19.87 1.69 -4.94 1.70 -0.87 17.00 46.16 56.17 109.81 119.93 140.71 128.76 137.04 123.66 149.88 167.20 169.66 142.85 133.12 91.22 56.32 44.58 30.18 9.87 3.88 1.73 -7.66 6.49 -10.51 5.84 33.58 44.25 78.93 123.85 143.03 146.97 140.17 140.00 150.36 156.50 151.19
153.30 104.55 68.56 47.97 36.03 16.67 19.18 3.22 -3.57 2.04 0.19 19.04 46.21 54.71 108.68 120.86 140.69 126.73 136.97 122.22 150.03 165.12 166.74 144.04 130.78 91.20 55.42 44.76 28.15 12.04 2.44 0.66 -10.18 7.90 -11.12 6.45 33.19 46.36 79.97 123.11 142.70 147.42 139.70 141.43 150.78 158.88 149.90 138.89
104.95 71.35 48.55 34.02 15.89 16.06 0.57 -3.99 8.21 0.89 18.51 45.34 53.61 109.39 117.29 137.89 123.82 134.95 119.97 147.95 163.82 163.58 143.52 131.30 89.33 54.83 43.84 29.25 9.71 1.55 -0.42 -8.73 12.10 -9.17 4.39 35.47 45.24 78.58 122.91 143.18 145.48 136.34 139.64 149.29 160.06 148.71 140.36 133.25
72.08 47.07 33.36 13.11 16.21 0.58 -4.63 7.83 -0.07 19.37 46.52 51.44 109.11 116.67 134.59 122.59 136.06 123.75 150.95 167.77 168.95 144.73 131.87 90.89 54.97 46.60 31.51 12.59 0.52 -0.78 -8.44 12.00 -8.90 6.85 34.70 48.49 76.91 121.54 142.08 147.30 136.50 137.68 148.73 160.04 152.11 140.68 138.01 107.47
49.51 33.85 13.19 15.78 1.20 -5.73 7.19 1.85 20.07 48.51 51.74 108.08 115.65 133.41 121.84 134.97 123.91 151.17 166.81 167.55 145.31 131.38 91.88 54.14 45.60 33.08 12.49 -0.97 -1.53 -8.83 10.64 -8.21 8.30 35.42 49.09 77.80 119.95 140.83 147.16 138.08 137.50 148.47 163.02 154.65 141.89 138.79 108.27 81.13
33.68 11.44 14.28 0.12 -6.77 7.25 2.92 20.94 47.07 51.64 107.10 114.11 132.18 119.92 135.11 124.01 151.71 166.77 167.80 145.47 131.59 94.28 54.71 44.86 33.08 13.27 0.36 -1.98 -8.60 10.04 -6.95 8.87 36.43 49.54 78.30 119.01 140.67 146.44 138.85 140.30 149.93 164.73 155.04 143.75 141.69 111.82 83.38 61.46
10.80 15.18 -0.23 -7.41 6.79 3.51 22.78 49.55 54.87 107.90 114.37 131.09 117.00 133.19 122.69 151.95 167.93 168.85 146.00 132.65 94.39 55.93 43.88 33.83 15.14 0.25 -0.17 -10.67 9.00 -8.98 7.51 37.62 52.61 79.57 118.17 138.67 145.21 137.42 141.87 152.86 169.23 155.29 142.75 140.24 114.05 82.39 65.92 40.93
12.29 -0.97 -8.78 4.69 3.17 22.52 50.32 56.17 108.91 114.11 130.89 116.63 132.14 122.79 152.36 168.31 168.89 147.26 133.81 96.12 57.07 45.92 34.85 15.39 2.45 0.13 -8.23 8.78 -6.84 6.48 39.02 54.36 81.84 117.60 137.84 142.81 137.16 140.85 153.98 171.54 157.92 143.19 138.97 111.59 82.57 64.91 42.80 23.38
-2.19 -8.67 3.99 3.42 22.25 50.12 56.60 109.18 115.01 130.88 117.14 132.09 122.59 153.38 168.25 169.13 148.55 135.29 97.25 59.11 46.41 35.56 16.03 2.80 2.48 -8.12 9.74 -6.74 7.62 37.92 54.82 83.19 118.94 136.99 141.42 134.54 140.61 153.87 173.49 159.91 145.67 139.78 110.14 79.71 62.86 40.69 24.30 19.12
-10.09 3.13 3.03 23.71 50.86 56.30 109.40 114.53 128.11 116.35 132.22 122.85 152.76 169.59 169.84 149.49 137.15 99.79 59.89 46.82 35.56 16.79 3.01 2.11 -6.22 10.19 -7.00 6.93 39.59 55.21 83.75 119.70 136.74 139.10 134.54 138.02 154.71 175.23 162.09 146.98 142.43 110.98 79.81 62.40 38.86 22.81 19.34 20.69
3.28 4.11 25.07 50.07 57.07 107.50 113.19 127.90 116.54 132.02 123.56 152.50 169.84 171.07 149.67 136.47 99.51 60.08 45.88 35.85 17.20 2.16 1.84 -6.28 10.59 -5.36 6.51 40.34 56.34 83.88 119.85 137.70 139.67 133.76 137.98 154.85 175.61 163.92 147.04 141.71 109.93 79.52 62.67 38.19 21.94 18.73 19.90 10.51
5.08 25.20 49.36 55.71 107.01 111.25 127.18 116.65 131.47 123.63 152.79 168.94 170.68 149.83 136.31 97.71 59.47 45.53 34.65 17.75 2.00 2.37 -6.47 10.21 -3.83 8.40 40.52 57.49 83.21 118.78 137.19 141.29 135.69 138.75 155.32 175.95 165.03 147.27 142.08 111.01 78.76 63.86 38.60 22.29 19.63 20.21 10.70 11.65
27.36 50.77 57.70 106.31 113.43 125.89 115.01 131.46 124.79 154.23 169.70 170.52 150.31 136.38 96.29 57.74 45.07 35.33 17.63 3.28 3.35 -8.09 10.25 -3.11 7.84 42.02 58.78 84.37 119.33 137.02 141.12 135.80 139.56 155.92 176.94 167.22 147.49 142.49 109.16 76.59 63.34 38.21 24.10 20.92 19.94 8.38 9.65 9.20
52.34 60.71 108.38 113.28 127.85 115.96 131.40 126.07 158.53 171.22 171.89 150.12 136.72 95.80 56.54 45.02 35.56 18.83 4.72 4.98 -5.74 8.26 -3.06 10.06 41.20 58.74 85.89 119.03 138.62 140.84 135.25 138.74 155.07 177.74 165.58 148.70 141.36 109.20 75.80 61.39 39.01 22.15 19.99 18.60 7.64 7.66 9.00 16.61
58.35 106.87 112.26 127.60 115.10 132.65 126.95 158.79 170.79 171.39 150.71 136.16 96.34 58.01 45.52 37.27 20.92 6.98 8.13 -3.06 10.26 -0.35 10.82 41.29 61.06 85.12 120.19 138.90 143.00 135.64 140.71 155.00 176.78 162.87 147.22 138.95 108.86 76.71 62.49 40.37 24.07 19.74 15.87 5.29 7.57 10.43 18.54 37.03
105.66 108.95 125.62 115.60 132.67 128.64 159.86 169.55 166.30 149.33 137.27 96.93 59.38 47.09 38.11 23.01 8.72 11.77 0.16 13.76 1.70 14.08 41.58 62.18 87.18 121.44 141.03 144.11 136.29 141.78 155.42 175.73 160.05 146.69 139.42 108.88 77.68 63.03 39.56 23.82 20.57 16.29 5.13 7.52 11.72 19.47 37.88 57.02
109.72 125.50 118.08 133.59 128.22 161.60 168.62 165.33 150.19 137.09 97.75 60.15 48.71 38.78 24.09 9.89 12.66 0.02 13.85 1.32 14.96 41.05 60.34 87.05 119.58 141.18 143.86 136.35 139.61 156.50 175.61 159.69 144.03 138.60 108.80 79.53 63.10 39.66 21.84 17.79 13.59 4.71 7.94 13.52 19.89 40.52 56.59 93.76
128.09 119.44 134.12 124.73 162.33 167.70 165.74 150.92 141.09 99.24 63.12 47.68 39.11 24.79 7.76 11.71 -0.66 15.73 3.51 18.98 42.93 59.43 87.07 120.54 142.32 146.90 139.21 141.46 156.97 173.01 159.59 145.03 138.84 108.82 79.37 62.01 38.40 22.14 17.19 14.52 5.25 7.72 12.52 17.82 43.80 58.79 93.94 124.10
118.77 133.62 125.88 159.12 168.26 166.11 151.39 142.79 97.74 62.80 49.17 38.42 25.52 8.68 11.30 0.86 16.39 6.47 21.31 47.32 63.94 89.81 121.01 143.82 147.86 142.50 142.48 158.59 175.45 158.86 144.37 139.18 105.68 78.60 62.10 38.23 20.78 16.71 12.41 5.10 7.57 12.94 17.29 43.05 61.51 96.49 125.66 138.65
135.66 130.96 163.26 167.81 167.58 150.37 144.46 99.46 69.71 51.38 40.43 26.17 6.03 8.33 -1.10 17.28 4.83 20.18 44.17 62.13 89.25 117.78 142.09 150.68 141.07 143.69 154.90 176.32 156.71 142.31 136.09 106.48 79.07 65.33 37.35 21.37 14.83 12.84 6.75 7.04 13.53 18.04 43.39 59.52 96.09 121.80 138.00 131.29
129.75 165.11 169.05 165.22 151.40 143.59 96.40 68.49 57.42 40.04 27.53 6.05 9.93 -1.14 16.73 5.68 21.70 45.64 64.98 93.02 123.22 141.77 152.93 146.28 142.56 155.85 181.48 157.54 147.30 137.13 109.05 79.11 63.27 35.71 20.39 17.60 10.81 7.46 5.77 8.81 17.39 39.20 57.38 92.44 117.79 131.83 128.24 127.55
165.99 171.30 169.31 150.79 147.35 95.75 69.04 56.79 44.57 29.28 3.44 9.76 -1.30 15.86 4.10 22.08 43.60 62.42 92.45 120.52 140.99 149.95 150.13 145.66 151.32 179.57 155.06 145.15 140.60 111.88 81.43 64.22 35.22 18.83 17.83 13.58 7.45 6.93 8.57 13.94 38.38 55.51 92.82 116.33 128.41 123.68 123.92 111.67
172.88 172.97 149.70 148.50 98.04 68.40 56.12 45.43 34.09 2.66 3.93 -0.01 13.98 1.54 21.68 43.79 59.65 86.06 119.17 134.75 147.83 147.16 151.21 150.28 172.33 148.60 144.11 136.22 112.37 87.50 66.46 34.92 18.49 16.30 14.74 7.60 6.78 8.33 13.85 37.16 54.56 90.51 116.01 128.79 120.52 120.01 108.43 138.91
174.25 153.55 150.09 98.12 69.05 57.15 44.36 34.58 3.38 3.53 -0.44 13.54 0.96 21.26 43.53 59.80 85.69 117.41 132.83 147.68 147.50 151.00 149.69 172.52 145.39 141.16 134.20 110.54 88.59 68.13 37.46 19.08 14.93 13.56 5.93 6.36 7.27 14.14 37.28 53.32 88.48 113.99 129.47 119.43 118.50 108.76 138.12 132.89
157.09 157.52 101.87 69.33 55.89 43.92 32.74 3.54 13.63 1.14 11.00 1.57 18.83 40.17 57.59 82.67 112.94 123.33 140.47 143.07 149.82 145.21 171.60 145.44 131.11 126.94 102.68 87.21 68.49 43.66 23.42 19.25 15.23 7.60 2.92 7.59 11.18 36.82 53.33 84.85 107.48 125.23 116.79 113.04 104.40 135.03 130.70 145.60
154.61 101.01 68.44 55.58 41.94 32.58 3.84 12.01 2.62 10.14 -2.04 18.43 39.54 55.50 81.89 113.09 122.74 137.95 144.06 149.44 144.11 172.01 147.04 130.80 124.56 99.29 87.42 68.31 46.99 27.46 22.49 17.96 9.53 2.56 5.50 10.22 35.69 51.96 84.34 106.65 122.67 115.03 109.04 101.59 133.11 130.88 146.19 161.74
101.67 66.18 54.81 39.65 31.24 6.07 12.45 2.65 8.06 -2.96 15.29 37.28 51.38 77.81 109.77 121.95 135.96 141.96 148.44 141.21 170.80 142.69 126.86 121.09 91.91 83.83 67.87 48.52 28.78 25.31 18.06 8.66 1.28 7.43 12.57 37.12 50.45 82.47 104.30 121.91 114.31 108.66 101.65 135.70 133.38 148.92 162.06 159.17
67.47 53.73 38.34 30.95 6.92 14.56 2.59 7.92 -4.11 16.27 37.37 51.84 79.18 109.28 121.54 134.13 140.35 147.91 142.54 171.38 140.54 128.37 121.18 90.53 81.64 66.77 50.39 30.38 25.87 18.18 6.49 1.85 8.92 12.80 36.57 51.26 82.18 102.17 121.11 115.68 110.10 101.88 135.90 135.37 149.86 162.90 159.86 145.39
55.38 37.93 29.71 7.00 14.86 3.54 7.50 -3.14 19.62 38.96 52.45 80.12 110.95 121.10 133.60 139.07 148.52 141.97 174.14 142.15 130.85 124.25 91.47 84.07 66.02 49.59 32.48 26.11 16.55 7.68 4.06 9.01 12.68 37.37 51.86 82.63 102.36 122.18 116.60 110.76 102.54 136.12 134.61 149.56 162.37 160.61 143.43 120.26
36.90 30.93 7.70 16.24 4.44 9.08 -1.99 19.55 41.04 53.34 81.90 112.67 121.83 134.32 137.90 149.73 143.70 175.41 144.57 133.26 129.43 91.54 85.25 66.84 47.59 31.15 24.94 17.91 9.95 4.92 9.63 11.18 34.70 51.59 80.82 103.22 121.49 117.11 112.16 101.64 136.96 132.41 146.85 159.41 158.90 140.37 120.69 89.84
28.75 5.96 15.38 4.26 7.84 -2.41 19.66 42.02 53.15 82.48 113.77 122.09 135.46 138.42 150.91 143.03 176.90 145.85 133.58 130.35 93.59 88.19 67.81 48.44 34.90 26.11 18.59 10.59 3.44 7.76 11.72 34.74 52.57 79.80 102.78 120.83 117.43 112.72 102.95 139.14 134.63 148.75 159.03 158.34 140.63 121.35 91.05 44.99
4.91 16.90 4.26 8.00 -3.30 20.43 42.93 53.47 84.37 114.44 123.19 136.53 139.75 152.54 143.72 177.57 147.13 134.26 131.18 95.75 91.98 68.91 50.51 36.99 26.79 17.17 10.53 3.10 8.89 10.12 35.95 51.41 78.05 100.80 118.02 116.13 111.73 103.01 140.21 135.44 149.85 158.24 155.18 137.56 120.40 90.00 45.49 31.32
15.77 5.19 7.68 -3.71 19.93 40.70 53.52 84.51 116.00 122.28 135.35 139.27 151.66 143.17 178.47 147.30 135.04 130.85 95.30 90.35 69.47 50.51 37.03 27.58 16.79 10.97 2.22 9.11 10.08 36.21 51.68 79.07 101.65 117.44 115.74 110.97 102.71 139.26 135.64 150.65 155.91 155.88 137.07 120.45 90.29 45.34 33.60 24.89
3.96 7.13 -4.16 18.22 40.47 50.97 83.94 115.21 121.22 133.27 138.61 151.30 142.52 178.44 147.66 135.47 130.41 95.12 90.25 68.95 51.29 36.23 27.83 16.89 10.74 3.77 8.61 11.35 37.22 52.73 79.65 103.03 117.37 116.29 111.72 102.39 139.36 135.61 150.54 155.08 153.93 137.19 120.62 90.21 45.08 33.30 25.35 10.70
3.90 -4.65 17.96 40.04 50.56 85.01 114.66 120.27 135.10 138.28 151.51 143.37 180.61 147.84 136.16 131.16 96.49 89.68 71.16 53.86 40.75 29.38 19.03 11.80 2.77 5.80 11.80 38.67 56.55 82.06 107.94 116.73 115.66 109.83 100.78 139.39 133.96 151.35 154.66 151.03 136.50 118.08 87.00 41.76 30.41 22.45 10.18 -4.13
-6.60 18.18 40.17 50.72 83.64 115.24 120.09 134.98 140.68 151.37 143.27 180.67 147.71 134.95 131.15 96.03 90.06 69.43 52.98 40.51 29.94 19.04 10.35 2.73 4.95 9.61 37.42 57.92 81.86 109.25 119.38 116.51 110.09 101.34 138.52 133.97 150.99 155.36 152.15 135.34 116.37 86.59 40.21 28.99 20.52 10.79 -3.58 0.93
16.38 40.59 51.82 85.07 114.48 120.77 136.35 139.45 153.53 143.35 179.85 149.10 135.01 130.22 96.04 90.55 69.76 50.59 39.66 29.16 17.87 8.83 0.93 6.21 7.19 35.08 54.78 83.72 108.19 122.12 117.94 110.04 101.98 140.26 133.50 151.45 154.76 152.92 135.95 114.42 84.10 40.32 27.57 18.94 9.05 -4.55 1.86 -6.62
30.87 42.69 79.88 115.80 117.44 139.30 139.97 149.40 131.02 173.47 145.45 135.29 130.99 96.65 92.75 73.00 53.62 41.16 33.68 18.45 11.78 5.99 6.85 5.23 34.58 52.68 83.94 111.89 126.90 125.20 113.30 99.68 135.86 132.49 153.54 156.36 153.19 137.37 113.77 83.51 39.48 28.55 17.35 10.08 -6.58 4.74 -4.25 13.85
31.37 69.64 111.11 122.76 138.25 144.40 152.11 124.45 153.72 135.83 133.52 132.25 101.22 101.37 80.15 59.48 45.20 36.55 20.57 12.77 10.15 14.21 7.38 33.94 56.53 82.18 108.94 127.13 129.10 116.39 102.68 131.76 127.38 150.73 156.19 152.98 140.09 118.52 84.52 38.15 30.32 18.57 8.60 -6.62 2.47 -1.44 17.35 29.80
70.40 112.06 122.11 139.10 142.42 152.94 124.34 151.43 141.11 133.13 127.98 100.00 99.34 77.95 59.42 44.65 36.28 16.20 10.40 6.15 11.66 6.19 33.41 56.29 78.62 105.29 126.54 128.01 116.27 106.98 133.97 129.78 151.99 155.50 148.36 137.50 117.26 83.00 38.26 30.39 15.54 6.83 -8.91 0.11 -1.15 19.41 30.03 42.15
117.44 130.29 141.61 143.45 152.65 128.60 152.68 143.69 140.00 131.14 100.53 97.26 74.58 56.72 44.71 39.10 17.22 9.52 2.40 6.08 6.37 31.09 55.97 79.72 100.67 123.31 124.49 112.52 104.92 133.83 128.37 150.85 151.55 149.73 131.41 114.27 77.94 34.79 30.75 14.91 6.04 -10.88 -1.69 -1.20 22.66 35.63 48.02 97.17
135.78 148.93 150.45 154.17 131.90 154.10 143.81 142.58 140.53 107.23 99.03 75.88 56.88 40.67 36.05 14.69 8.22 -2.37 6.34 4.30 29.84 51.35 80.31 99.38 117.97 119.48 111.71 103.21 135.87 130.06 153.64 149.71 150.04 130.29 116.49 81.35 32.88 32.57 13.62 1.55 -14.22 -4.50 -1.23 22.41 34.12 49.31 95.46 123.86
153.52 156.95 160.21 136.36 154.12 146.50 143.76 142.02 110.48 104.42 76.20 59.64 39.47 33.25 11.72 7.26 -5.46 1.64 1.76 25.04 44.34 75.64 96.07 114.46 114.55 104.02 98.03 132.54 128.66 155.36 148.52 148.94 132.78 118.18 83.69 33.48 31.88 13.63 1.63 -15.46 -5.44 -0.53 22.82 34.98 48.62 98.32 124.76 120.27
155.41 158.31 136.99 153.94 146.02 141.53 140.46 109.25 103.69 75.96 60.68 40.84 33.95 11.90 7.83 -6.35 0.37 0.25 22.65 42.69 73.52 97.99 111.76 113.29 107.89 100.19 130.03 129.55 151.94 148.03 147.14 134.65 122.02 84.56 33.33 31.74 14.97 1.22 -15.86 -4.36 -1.90 26.62 38.02 50.78 100.19 124.18 121.93 131.55
160.62 137.46 152.71 150.43 140.67 138.94 110.82 102.23 73.26 61.80 41.57 34.89 11.37 9.80 -5.81 -0.85 0.07 20.77 37.73 69.26 92.21 110.41 110.52 105.47 106.69 132.49 126.77 149.57 140.51 142.73 130.89 119.54 86.41 33.57 33.18 12.61 4.54 -16.07 -1.72 2.47 28.01 43.31 56.27 104.46 127.34 124.86 132.71 141.41
134.89 148.34 148.24 140.50 138.46 112.06 99.31 71.01 58.78 38.74 33.05 10.90 12.77 -4.68 0.83 -1.15 20.31 36.45 70.47 92.67 110.83 113.19 108.59 105.92 135.55 128.07 152.93 139.65 144.40 132.85 124.00 88.36 35.78 31.70 15.63 5.96 -14.27 0.94 0.40 27.21 41.58 58.01 105.27 127.21 124.72 131.28 137.30 125.68
149.64 146.08 137.64 136.77 110.74 96.88 73.36 58.66 34.70 32.42 11.39 10.16 -7.16 -4.15 -3.71 20.10 33.10 72.46 92.09 106.79 109.69 107.78 103.79 132.25 128.93 156.65 141.39 145.62 130.06 123.65 85.26 36.53 32.38 19.92 8.62 -13.35 2.76 -2.41 27.44 45.74 61.82 108.98 131.84 129.82 137.23 140.81 128.25 142.12
141.12 132.08 132.67 109.82 94.74 74.40 60.93 33.65 29.56 7.75 9.70 -7.87 -4.16 -1.09 20.62 33.46 74.46 92.40 106.77 110.18 110.69 105.91 130.58 131.68 164.17 144.78 143.84 133.96 118.68 85.45 37.70 31.96 17.85 10.85 -14.89 1.37 -1.74 28.96 47.67 64.27 106.50 134.59 128.66 137.74 142.43 131.20 144.09 155.98
130.72 131.15 107.32 93.43 73.46 59.24 31.50 29.87 5.69 8.14 -6.37 -5.49 -1.82 21.40 32.49 70.44 91.46 106.37 107.40 110.82 105.72 132.76 128.65 161.99 150.95 149.67 134.34 122.21 80.83 32.89 29.69 19.09 10.63 -14.48 2.43 -2.24 30.70 49.40 65.34 109.52 132.50 133.19 143.33 147.61 134.62 148.77 157.52 158.43
131.21 106.74 92.61 73.62 58.32 30.30 29.67 5.60 5.92 -7.15 -4.28 -2.64 21.93 34.91 71.05 90.78 105.63 108.25 110.91 105.90 132.34 129.29 163.31 151.08 153.89 137.47 124.14 79.77 31.72 26.42 17.36 10.87 -12.48 1.62 -3.31 28.57 50.11 65.76 110.89 136.81 135.30 144.31 147.27 134.17 148.18 157.60 157.06 152.43
114.57 96.64 73.47 58.85 33.61 34.69 8.11 10.01 -14.81 0.89 3.77 21.15 35.78 70.15 90.56 107.88 110.07 116.45 108.39 131.33 135.48 166.73 153.82 151.66 132.55 122.09 81.34 27.52 30.66 15.17 6.10 -17.84 -7.42 -2.35 31.22 52.75 65.47 107.86 136.13 138.59 154.97 148.27 139.60 155.83 162.82 161.33 151.96 161.62
110.98 82.95 57.07 31.99 33.86 9.42 7.57 -10.35 5.13 10.35 24.46 34.61 67.85 83.47 103.56 109.87 113.32 108.77 133.31 132.56 163.32 154.03 154.51 130.82 121.87 82.83 31.44 28.12 17.69 4.18 -22.34 -8.45 -4.04 31.86 54.27 65.33 104.28 133.15 134.40 156.21 149.89 139.80 156.15 170.66 162.52 158.22 158.09 135.05
91.56 62.11 30.16 35.10 9.74 9.56 -9.83 7.19 8.09 26.39 36.43 67.25 80.36 101.14 108.23 113.29 109.50 133.74 130.83 159.90 150.31 152.23 131.83 122.79 78.73 28.37 23.57 14.14 2.88 -22.30 -11.94 -5.88 28.40 55.78 64.99 105.41 132.92 130.93 154.63 148.45 140.65 156.55 175.52 168.37 159.27 162.59 133.95 70.62
61.86 28.86 34.16 7.92 10.28 -9.54 7.74 9.30 22.49 35.12 67.53 79.04 99.24 106.42 113.21 113.02 134.68 134.89 160.65 149.23 152.21 132.05 121.70 80.02 27.51 24.18 14.75 2.93 -19.14 -10.55 -7.05 29.64 55.35 66.76 106.93 133.77 130.57 153.09 148.32 140.39 160.33 174.73 169.24 160.47 162.53 131.41 72.64 47.43
27.16 34.09 9.33 10.13 -7.92 5.17 9.92 22.07 36.37 67.02 78.27 98.20 104.76 113.04 113.67 135.53 134.98 161.20 147.20 151.24 129.17 119.74 79.31 27.87 25.16 17.01 2.41 -20.02 -10.02 -7.80 29.28 55.90 68.09 106.52 133.33 130.63 153.67 148.66 141.17 160.22 175.12 168.13 160.84 159.83 129.03 70.01 47.29 28.49
33.34 9.84 11.77 -7.15 5.36 9.75 22.18 36.72 68.28 78.05 98.86 106.09 113.27 116.21 136.46 136.74 162.27 146.33 149.39 129.42 121.11 78.35 26.24 27.96 17.37 2.48 -22.82 -9.73 -10.32 28.56 55.94 67.72 105.34 133.57 128.83 151.26 147.35 143.00 162.69 174.05 167.82 160.28 158.44 126.07 67.50 45.50 27.30 -12.64
8.58 10.53 -6.92 5.02 11.20 21.21 36.63 67.53 76.63 97.47 106.11 114.24 117.63 139.57 137.79 164.43 148.21 151.08 131.22 123.56 80.10 27.70 30.17 19.29 3.27 -22.65 -9.27 -11.40 29.13 55.88 68.38 105.16 133.13 127.99 151.65 146.88 143.23 162.90 174.75 167.17 160.78 156.32 124.63 65.23 44.27 23.73 -12.92 -1.09
10.50 -6.79 6.25 11.18 22.94 36.60 67.22 76.16 96.27 105.09 115.02 117.43 139.73 139.89 164.86 149.80 151.26 132.26 123.28 81.18 27.76 30.02 19.40 3.69 -20.73 -8.16 -11.28 27.98 55.88 67.40 105.08 133.04 126.73 151.26 148.11 143.76 163.39 175.70 166.87 159.36 155.58 122.68 65.09 43.43 23.09 -13.26 -1.16 2.35
-6.36 4.86 10.47 23.40 35.86 67.54 76.23 96.86 102.14 114.65 117.62 139.54 140.58 165.94 150.96 151.28 132.99 123.62 81.27 27.81 30.73 21.45 4.78 -19.67 -5.39 -9.85 28.83 55.33 66.56 103.59 132.71 127.35 151.38 147.63 143.98 162.21 176.31 166.83 160.14 157.18 123.71 66.51 43.79 24.77 -12.26 -0.25 3.39 8.22
7.16 10.43 21.97 35.48 66.46 79.01 96.27 102.27 112.90 118.24 139.26 141.43 166.72 149.52 151.21 133.65 125.20 82.38 30.13 31.04 23.12 7.21 -16.59 -5.72 -12.46 23.73 55.70 65.34 105.96 135.28 130.47 151.37 147.18 143.44 162.48 176.19 165.54 159.37 155.19 122.23 69.17 42.93 23.44 -11.00 -0.14 2.92 7.51 5.29
12.19 20.89 34.74 68.19 79.83 98.13 101.68 111.12 114.03 139.54 141.58 167.51 151.11 151.73 133.89 125.32 83.97 31.03 32.90 23.29 6.73 -16.01 -2.88 -13.78 20.53 53.04 64.37 103.96 136.53 132.98 152.62 144.95 142.01 162.77 179.09 167.54 160.58 155.75 118.99 66.42 43.49 22.06 -10.35 2.74 3.17 7.20 4.86 15.97
21.25 34.09 67.03 80.09 99.00 104.70 112.71 113.56 134.95 141.63 169.76 152.79 154.83 136.32 126.36 85.41 31.96 35.15 27.91 9.89 -12.32 -0.10 -9.67 21.99 51.77 62.00 103.13 136.24 134.88 153.71 145.26 138.56 158.46 178.88 168.52 161.79 156.45 120.35 64.57 42.43 24.15 -10.62 1.68 4.39 8.44 6.38 16.06 21.28
36.26 68.59 80.78 102.89 105.77 114.38 114.65 136.28 139.81 170.23 154.33 157.54 138.40 129.96 88.18 34.27 37.29 27.05 9.66 -13.75 1.86 -6.87 25.68 52.68 66.11 101.43 134.63 132.29 153.73 143.43 137.54 153.85 175.31 166.17 161.43 154.71 121.27 65.42 42.81 22.30 -9.58 0.12 2.88 8.45 4.55 16.84 22.38 42.87
72.64 81.39 102.56 105.78 115.54 117.39 138.01 139.50 168.99 156.52 158.98 139.63 130.47 87.95 33.75 38.86 27.21 9.46 -10.33 1.69 -7.01 24.74 55.83 65.55 95.25 129.71 131.03 151.96 145.10 140.19 153.49 172.05 163.89 161.96 157.21 123.35 67.02 43.67 20.08 -12.54 1.00 1.43 7.16 7.46 17.96 24.61 44.07 62.43
84.14 98.79 100.86 113.60 117.24 141.08 139.19 167.30 149.60 157.96 138.53 130.01 93.40 33.49 41.93 29.62 10.48 -9.33 7.83 -5.18 27.58 61.02 75.08 96.88 124.84 128.31 152.87 140.94 142.57 157.60 174.06 161.57 157.26 156.83 124.71 69.42 45.40 19.63 -20.25 -4.31 0.72 4.55 6.06 24.21 25.14 47.53 60.82 83.35
102.31 101.33 108.34 114.41 143.51 142.04 167.21 152.88 152.40 141.83 130.97 91.68 29.89 35.61 25.10 9.24 -10.15 14.62 -0.59 28.18 60.64 76.89 101.37 122.43 120.13 152.13 143.82 138.67 164.44 177.14 161.22 155.99 155.05 126.29 74.98 50.86 21.14 -23.24 -7.33 3.16 10.51 4.24 27.63 31.37 47.89 60.86 80.28 110.27
105.99 110.25 112.41 145.16 142.28 170.47 153.84 152.08 136.11 131.42 94.71 29.84 35.55 23.39 9.57 -9.58 14.88 0.49 29.20 57.30 74.95 102.19 126.98 120.52 151.69 140.78 135.29 159.46 177.16 161.71 154.14 151.82 122.79 77.66 53.30 24.03 -21.43 -7.07 -0.94 7.82 6.59 27.82 34.71 54.76 61.66 83.84 110.79 109.64
111.43 110.58 142.33 143.75 171.49 155.14 151.33 133.36 121.77 91.30 29.95 35.90 24.24 13.31 -8.33 16.20 1.77 30.16 57.88 73.00 103.80 127.73 122.06 150.82 138.85 133.75 157.66 176.67 160.38 154.28 148.86 119.42 74.60 54.55 27.39 -19.29 -4.22 -0.61 6.63 3.67 29.38 35.50 58.08 69.50 85.84 111.19 110.37 125.39
111.02 142.00 145.34 173.51 156.33 150.43 131.65 119.92 85.44 26.81 37.39 23.88 13.01 -4.38 18.39 4.41 30.19 58.90 71.06 101.51 127.16 121.27 148.02 140.49 135.48 161.18 175.35 159.08 151.76 146.77 116.19 72.05 52.20 29.38 -16.92 -1.98 1.25 8.82 1.96 24.86 35.69 58.14 72.34 90.25 110.58 110.90 125.36 128.38
143.06 146.40 172.30 156.50 151.20 131.63 118.81 85.23 23.63 34.62 23.64 12.93 -2.67 22.67 7.55 30.84 61.20 70.45 98.91 125.83 121.29 150.13 144.92 135.12 166.36 175.40 157.71 148.95 146.14 113.65 73.70 54.01 30.61 -20.10 -2.20 -1.72 9.73 2.99 25.24 35.88 57.82 73.53 90.42 110.93 111.51 124.68 128.99 117.20
149.54 173.42 154.04 149.04 133.05 118.28 84.39 25.30 33.18 23.18 11.38 -4.75 22.30 7.97 31.49 64.21 72.23 99.73 126.11 119.05 151.18 145.31 139.43 167.74 175.44 157.85 148.99 140.98 112.60 74.09 54.57 32.54 -20.18 -2.90 -0.84 8.63 2.71 23.61 34.24 56.91 74.03 88.90 112.21 114.86 125.07 125.39 115.31 135.00
177.77 156.78 150.05 136.07 119.90 84.70 24.23 32.45 19.00 11.56 -2.95 22.84 9.71 33.77 64.40 73.13 99.84 124.59 117.82 149.87 143.28 140.53 170.62 174.16 159.02 146.98 138.81 107.72 71.84 54.24 30.95 -20.60 -3.64 -0.17 11.89 4.87 25.11 34.81 54.27 71.43 88.19 111.55 117.09 130.10 125.83 115.97 132.69 150.36
157.21 155.24 144.81 119.98 85.26 18.01 27.53 16.03 22.89 2.64 25.02 13.84 31.48 68.55 71.44 96.88 124.02 115.77 139.35 145.60 139.06 158.39 161.38 160.25 144.28 142.70 102.04 75.57 47.05 25.36 -23.64 -6.92 1.21 14.30 4.16 25.79 30.61 54.81 75.58 84.46 106.35 119.98 136.79 123.87 116.97 132.42 149.92 139.69
153.49 144.37 123.51 86.13 19.48 25.56 12.03 19.36 1.67 21.68 13.28 33.74 72.34 76.85 98.85 123.30 116.21 136.74 142.82 140.11 160.82 161.84 160.13 144.26 147.37 103.56 73.72 47.57 21.64 -25.20 -6.21 1.18 13.56 2.72 26.92 32.26 54.68 80.15 84.58 103.13 115.97 136.89 124.25 116.63 129.09 147.76 136.40 144.53
143.38 125.70 90.22 21.65 23.81 13.57 19.87 3.26 27.25 14.72 32.57 72.43 76.38 101.11 124.65 117.06 137.79 141.05 139.40 160.05 160.09 159.32 143.32 146.88 109.16 68.82 48.67 21.96 -26.69 -10.04 3.14 16.31 5.15 22.17 25.55 47.13 77.40 85.24 109.05 120.56 138.69 125.49 109.72 120.97 146.35 135.07 148.20 138.46
130.82 97.55 28.25 20.27 10.95 18.47 -0.95 30.79 27.24 39.07 76.51 77.36 97.86 118.64 109.64 134.24 137.28 138.14 156.87 164.01 160.90 142.06 137.74 111.69 70.87 46.70 25.19 -23.06 -11.96 -0.37 18.59 5.74 24.20 26.06 45.86 76.38 79.36 108.33 122.87 135.54 125.79 108.81 121.52 143.21 132.45 149.27 134.95 93.64
94.19 23.61 19.21 14.17 19.41 0.70 30.78 24.28 31.44 73.14 78.75 101.68 123.99 116.08 137.02 135.95 139.19 156.64 165.92 164.17 145.36 138.69 113.29 69.87 52.22 30.02 -22.59 -8.04 -2.63 14.96 3.07 20.58 25.43 47.05 77.78 79.01 111.09 125.31 136.17 128.60 110.12 127.09 145.14 133.81 151.84 133.85 94.49 89.75
24.45 17.56 15.15 20.99 2.84 30.48 26.85 33.95 70.59 78.45 102.76 122.73 113.53 136.98 137.23 140.76 158.61 167.88 163.35 140.99 133.97 109.57 71.76 52.29 36.59 -16.70 -8.38 -3.64 13.45 0.65 16.22 27.41 49.72 79.06 80.29 109.80 127.12 135.30 130.68 114.51 130.08 148.86 136.07 153.83 135.61 91.05 92.02 58.72
13.44 12.40 20.14 4.43 28.77 30.40 36.71 70.55 75.14 100.99 122.16 113.39 135.63 136.20 141.27 158.86 169.45 165.12 142.53 133.70 109.35 73.23 51.75 37.26 -15.84 -10.98 -2.55 14.86 2.19 18.16 30.30 49.51 79.64 79.89 108.01 126.76 136.64 131.33 116.51 131.84 152.21 135.44 150.39 132.03 88.08 91.42 60.81 35.47
